4 0.093750 0.188194 0.085417 0.112500
4 0.328125 0.191667 0.080208 0.108333
4 0.445833 0.190972 0.087500 0.106944
3 0.560417 0.154861 0.071875 0.179167
4 0.671875 0.187500 0.081250 0.116667
4 0.789583 0.187500 0.081250 0.111111
0 0.101042 0.420139 0.066667 0.148611
3 0.332292 0.410417 0.075000 0.176389
3 0.439583 0.405556 0.070833 0.177778
0 0.556250 0.420139 0.061458 0.148611
0 0.677083 0.420833 0.065625 0.150000
0 0.781250 0.419444 0.058333 0.152778
0 0.905208 0.419444 0.060417 0.158333
4 0.094792 0.684722 0.085417 0.116667
4 0.332292 0.691667 0.085417 0.111111
4 0.438542 0.691667 0.081250 0.111111
4 0.556250 0.691667 0.080208 0.108333
4 0.669792 0.688889 0.086458 0.116667
4 0.786458 0.688194 0.080208 0.115278
2 0.104167 0.918056 0.100000 0.100000
2 0.211458 0.919444 0.102083 0.097222
2 0.321875 0.921528 0.105208 0.098611
2 0.448958 0.913889 0.102083 0.102778
2 0.552083 0.923611 0.105208 0.091667
2 0.666667 0.917361 0.107292 0.101389
2 0.781250 0.918056 0.102083 0.100000
