5 0.105208 0.215972 0.073958 0.059722
5 0.219792 0.219444 0.069792 0.050000
5 0.327083 0.214583 0.071875 0.056944
5 0.444792 0.219444 0.071875 0.052778
5 0.561458 0.217361 0.075000 0.054167
5 0.670833 0.217361 0.076042 0.051389
5 0.787500 0.218750 0.077083 0.059722
5 0.896875 0.220139 0.069792 0.054167
1 0.097917 0.413194 0.095833 0.165278
1 0.207292 0.414583 0.092708 0.162500
1 0.327083 0.414583 0.097917 0.162500
1 0.442708 0.409028 0.097917 0.170833
1 0.561458 0.418056 0.093750 0.161111
1 0.665625 0.413194 0.090625 0.168056
1 0.781250 0.412500 0.092708 0.172222
1 0.901042 0.409722 0.096875 0.166667
1 0.097917 0.664583 0.093750 0.162500
4 0.210417 0.688194 0.082292 0.115278
4 0.328125 0.691667 0.085417 0.113889
4 0.437500 0.688194 0.083333 0.109722
4 0.677083 0.693056 0.080208 0.111111
4 0.791667 0.688889 0.084375 0.111111
4 0.905208 0.688194 0.079167 0.109722
4 0.101042 0.913194 0.087500 0.112500
4 0.210417 0.911111 0.083333 0.108333
4 0.327083 0.916667 0.080208 0.108333
4 0.559375 0.911806 0.087500 0.106944
4 0.666667 0.911806 0.080208 0.112500
2 0.791667 0.920139 0.100000 0.093056
4 0.907292 0.914583 0.085417 0.109722
