0 0.093750 0.168056 0.060417 0.152778
0 0.216667 0.167361 0.064583 0.151389
0 0.325000 0.168056 0.062500 0.158333
0 0.441667 0.169444 0.064583 0.155556
0 0.558333 0.167361 0.063542 0.154167
0 0.676042 0.165972 0.065625 0.156944
0 0.903125 0.163889 0.066667 0.158333
2 0.101042 0.445139 0.105208 0.101389
2 0.441667 0.446528 0.104167 0.093056
2 0.678125 0.443056 0.101042 0.100000
2 0.790625 0.447917 0.101042 0.095833
2 0.898958 0.450000 0.100000 0.091667
5 0.098958 0.723611 0.076042 0.050000
5 0.213542 0.717361 0.071875 0.056944
5 0.328125 0.718750 0.077083 0.054167
5 0.443750 0.717361 0.077083 0.051389
5 0.555208 0.719444 0.072917 0.052778
0 0.670833 0.668056 0.058333 0.152778
5 0.792708 0.716667 0.077083 0.061111
0 0.102083 0.897222 0.065625 0.147222
0 0.328125 0.895139 0.066667 0.148611
5 0.442708 0.943056 0.077083 0.055556
0 0.782292 0.890278 0.064583 0.155556
0 0.896875 0.895139 0.064583 0.148611
