0 0.103125 0.171528 0.066667 0.148611
0 0.214583 0.174306 0.064583 0.148611
0 0.333333 0.166667 0.061458 0.158333
5 0.442708 0.216667 0.070833 0.058333
0 0.553125 0.171528 0.063542 0.148611
0 0.670833 0.167361 0.060417 0.154167
0 0.787500 0.172222 0.060417 0.147222
0 0.907292 0.172917 0.062500 0.148611
0 0.103125 0.420833 0.065625 0.152778
0 0.211458 0.415278 0.062500 0.155556
0 0.326042 0.421528 0.065625 0.151389
0 0.442708 0.421528 0.066667 0.148611
4 0.563542 0.438889 0.081250 0.116667
3 0.780208 0.404861 0.070833 0.184722
4 0.903125 0.440278 0.081250 0.111111
1 0.212500 0.666667 0.092708 0.161111
1 0.333333 0.659722 0.096875 0.166667
1 0.448958 0.660417 0.091667 0.170833
1 0.552083 0.663889 0.095833 0.169444
1 0.666667 0.665278 0.095833 0.166667
1 0.787500 0.663889 0.093750 0.169444
1 0.902083 0.658333 0.090625 0.172222
0 0.092708 0.892361 0.063542 0.148611
0 0.214583 0.890278 0.058333 0.155556
0 0.326042 0.890278 0.063542 0.150000
0 0.553125 0.889583 0.064583 0.156944
0 0.668750 0.889583 0.058333 0.154167
0 0.788542 0.891667 0.064583 0.152778
0 0.903125 0.890972 0.059375 0.151389
