2 0.093750 0.197222 0.108333 0.097222
2 0.207292 0.197917 0.103125 0.098611
2 0.323958 0.200694 0.103125 0.095833
1 0.560417 0.162500 0.090625 0.161111
2 0.667708 0.199306 0.105208 0.095833
2 0.781250 0.197222 0.107292 0.100000
2 0.903125 0.194444 0.105208 0.097222
1 0.103125 0.410417 0.090625 0.168056
1 0.208333 0.413889 0.089583 0.163889
1 0.331250 0.410417 0.092708 0.165278
1 0.438542 0.409722 0.094792 0.172222
1 0.560417 0.416667 0.090625 0.163889
1 0.672917 0.413889 0.090625 0.163889
1 0.792708 0.411111 0.090625 0.166667
1 0.906250 0.416667 0.091667 0.161111
0 0.096875 0.666667 0.061458 0.155556
0 0.211458 0.670139 0.064583 0.148611
0 0.333333 0.670833 0.065625 0.155556
5 0.444792 0.715972 0.077083 0.059722
0 0.554167 0.665972 0.066667 0.154167
0 0.670833 0.673611 0.061458 0.150000
0 0.786458 0.663889 0.063542 0.158333
0 0.898958 0.670139 0.058333 0.151389
1 0.101042 0.883333 0.094792 0.169444
1 0.214583 0.886806 0.094792 0.162500
1 0.322917 0.885417 0.097917 0.168056
1 0.441667 0.884722 0.094792 0.169444
1 0.553125 0.888889 0.094792 0.163889
1 0.667708 0.884722 0.089583 0.163889
1 0.787500 0.884028 0.094792 0.165278
1 0.901042 0.886111 0.093750 0.163889
