2 0.102083 0.200000 0.103125 0.097222
2 0.217708 0.195833 0.103125 0.100000
2 0.326042 0.196528 0.100000 0.098611
2 0.437500 0.202778 0.103125 0.091667
1 0.556250 0.158333 0.097917 0.172222
2 0.669792 0.197917 0.108333 0.095833
2 0.788542 0.197917 0.107292 0.095833
4 0.907292 0.184722 0.083333 0.116667
4 0.101042 0.444444 0.087500 0.105556
4 0.214583 0.441667 0.081250 0.111111
4 0.322917 0.437500 0.086458 0.116667
4 0.443750 0.436111 0.082292 0.113889
4 0.560417 0.439583 0.082292 0.106944
4 0.669792 0.443056 0.085417 0.108333
4 0.791667 0.438889 0.085417 0.108333
4 0.898958 0.443056 0.081250 0.108333
3 0.217708 0.657639 0.076042 0.176389
3 0.327083 0.651389 0.076042 0.186111
0 0.448958 0.666667 0.061458 0.152778
3 0.563542 0.650694 0.072917 0.184722
3 0.673958 0.654861 0.070833 0.176389
3 0.780208 0.654861 0.068750 0.184722
3 0.895833 0.657639 0.069792 0.179167
4 0.097917 0.913889 0.083333 0.108333
4 0.207292 0.911806 0.081250 0.106944
4 0.331250 0.915278 0.080208 0.111111
4 0.441667 0.916667 0.086458 0.105556
4 0.563542 0.911111 0.080208 0.111111
4 0.672917 0.913889 0.082292 0.113889
4 0.790625 0.912500 0.085417 0.111111
