5 0.101042 0.220833 0.068750 0.052778
5 0.208333 0.221528 0.069792 0.054167
5 0.556250 0.215972 0.071875 0.054167
5 0.676042 0.219444 0.077083 0.055556
5 0.781250 0.218750 0.071875 0.056944
1 0.902083 0.159028 0.093750 0.170833
1 0.096875 0.413194 0.095833 0.162500
1 0.208333 0.407639 0.095833 0.170833
1 0.325000 0.413194 0.089583 0.165278
1 0.446875 0.416667 0.091667 0.161111
1 0.671875 0.412500 0.094792 0.163889
1 0.791667 0.413194 0.089583 0.162500
1 0.906250 0.412500 0.097917 0.166667
4 0.102083 0.693056 0.080208 0.111111
3 0.208333 0.652083 0.069792 0.184722
4 0.322917 0.695139 0.086458 0.106944
4 0.446875 0.690278 0.079167 0.113889
4 0.558333 0.687500 0.087500 0.116667
4 0.667708 0.690972 0.085417 0.106944
1 0.098958 0.887500 0.089583 0.161111
1 0.216667 0.887500 0.089583 0.161111
3 0.331250 0.878472 0.073958 0.181944
1 0.447917 0.890278 0.093750 0.161111
5 0.562500 0.936111 0.068750 0.061111
1 0.671875 0.885417 0.095833 0.168056
1 0.788542 0.882639 0.089583 0.168056
