5 0.092708 0.217361 0.071875 0.054167
5 0.213542 0.219444 0.070833 0.050000
5 0.332292 0.218056 0.075000 0.061111
5 0.436458 0.215278 0.075000 0.061111
0 0.551042 0.170833 0.061458 0.155556
5 0.669792 0.220833 0.077083 0.050000
5 0.784375 0.217361 0.076042 0.051389
5 0.894792 0.218750 0.072917 0.056944
0 0.097917 0.420833 0.065625 0.152778
0 0.214583 0.422222 0.063542 0.147222
0 0.331250 0.419444 0.058333 0.152778
0 0.443750 0.420833 0.066667 0.152778
2 0.559375 0.450000 0.107292 0.094444
0 0.675000 0.415972 0.066667 0.154167
0 0.781250 0.422917 0.064583 0.148611
1 0.896875 0.409722 0.093750 0.172222
3 0.094792 0.655556 0.073958 0.183333
3 0.210417 0.654167 0.076042 0.177778
3 0.327083 0.658333 0.073958 0.177778
3 0.437500 0.655556 0.072917 0.183333
1 0.562500 0.660417 0.089583 0.168056
3 0.671875 0.652083 0.072917 0.181944
3 0.780208 0.660417 0.070833 0.176389
3 0.907292 0.657639 0.071875 0.176389
4 0.104167 0.911111 0.082292 0.111111
4 0.208333 0.911111 0.079167 0.108333
4 0.330208 0.911806 0.087500 0.106944
4 0.441667 0.912500 0.081250 0.113889
4 0.555208 0.910417 0.086458 0.115278
4 0.667708 0.908333 0.087500 0.116667
4 0.783333 0.911806 0.081250 0.112500
4 0.894792 0.909722 0.081250 0.116667
