4 0.098958 0.193750 0.079167 0.109722
4 0.213542 0.191667 0.082292 0.108333
4 0.332292 0.190278 0.087500 0.105556
0 0.554167 0.167361 0.063542 0.154167
4 0.670833 0.186806 0.086458 0.115278
4 0.786458 0.188889 0.081250 0.108333
4 0.895833 0.189583 0.083333 0.109722
1 0.105208 0.411111 0.096875 0.163889
1 0.212500 0.409028 0.096875 0.168056
1 0.448958 0.413194 0.091667 0.162500
1 0.560417 0.418056 0.096875 0.161111
1 0.665625 0.411111 0.093750 0.172222
1 0.786458 0.410417 0.093750 0.170833
1 0.904167 0.411111 0.089583 0.163889
3 0.104167 0.658333 0.075000 0.175000
3 0.218750 0.654167 0.075000 0.183333
3 0.329167 0.654861 0.072917 0.176389
3 0.666667 0.653472 0.070833 0.181944
0 0.782292 0.674306 0.063542 0.148611
1 0.896875 0.661806 0.092708 0.162500
0 0.103125 0.893750 0.064583 0.154167
5 0.211458 0.940972 0.070833 0.059722
1 0.330208 0.888889 0.093750 0.163889
5 0.442708 0.944444 0.071875 0.052778
5 0.562500 0.938194 0.072917 0.056944
5 0.672917 0.942361 0.068750 0.051389
5 0.791667 0.940278 0.076042 0.050000
5 0.900000 0.939583 0.073958 0.059722
