5 0.094792 0.215972 0.070833 0.054167
5 0.211458 0.216667 0.071875 0.052778
5 0.328125 0.214583 0.070833 0.059722
0 0.443750 0.170833 0.059375 0.155556
5 0.557292 0.220833 0.071875 0.052778
5 0.672917 0.219444 0.069792 0.058333
1 0.784375 0.159722 0.097917 0.169444
5 0.895833 0.219444 0.068750 0.055556
1 0.096875 0.406944 0.090625 0.172222
2 0.211458 0.447222 0.100000 0.102778
2 0.325000 0.451389 0.107292 0.091667
2 0.446875 0.443056 0.100000 0.102778
2 0.559375 0.445139 0.100000 0.098611
2 0.783333 0.443750 0.107292 0.101389
5 0.093750 0.714583 0.068750 0.056944
5 0.215625 0.713889 0.071875 0.058333
5 0.446875 0.721528 0.069792 0.051389
5 0.559375 0.718056 0.075000 0.055556
5 0.667708 0.720139 0.071875 0.051389
5 0.788542 0.721528 0.069792 0.054167
2 0.902083 0.697222 0.105208 0.100000
0 0.104167 0.887500 0.062500 0.155556
0 0.211458 0.890278 0.065625 0.155556
1 0.321875 0.881944 0.092708 0.172222
0 0.446875 0.888194 0.065625 0.156944
0 0.669792 0.891667 0.060417 0.158333
0 0.782292 0.890972 0.066667 0.156944
0 0.896875 0.894444 0.065625 0.147222
