1 0.321875 0.161111 0.091667 0.163889
3 0.448958 0.154167 0.070833 0.180556
3 0.670833 0.161111 0.070833 0.175000
3 0.788542 0.152778 0.068750 0.180556
2 0.105208 0.446528 0.104167 0.101389
4 0.213542 0.440972 0.087500 0.112500
2 0.448958 0.444444 0.105208 0.100000
2 0.562500 0.446528 0.108333 0.101389
2 0.782292 0.451389 0.106250 0.094444
2 0.894792 0.445833 0.108333 0.100000
0 0.092708 0.665278 0.061458 0.158333
0 0.215625 0.668750 0.063542 0.151389
0 0.441667 0.670833 0.065625 0.147222
0 0.558333 0.666667 0.059375 0.155556
0 0.665625 0.670139 0.064583 0.156944
0 0.786458 0.667361 0.064583 0.154167
0 0.896875 0.669444 0.060417 0.158333
1 0.101042 0.886111 0.089583 0.169444
1 0.213542 0.884028 0.095833 0.170833
1 0.326042 0.882639 0.092708 0.170833
1 0.446875 0.882639 0.092708 0.168056
1 0.559375 0.888889 0.094792 0.163889
1 0.677083 0.886806 0.090625 0.162500
1 0.792708 0.889583 0.090625 0.162500
1 0.907292 0.884028 0.095833 0.168056
