3 0.100000 0.153472 0.073958 0.184722
3 0.213542 0.151389 0.069792 0.186111
3 0.331250 0.151389 0.073958 0.186111
3 0.446875 0.159028 0.068750 0.176389
3 0.561458 0.156944 0.071875 0.177778
3 0.665625 0.158333 0.073958 0.177778
3 0.787500 0.153472 0.068750 0.179167
5 0.901042 0.218750 0.073958 0.051389
3 0.209375 0.406944 0.073958 0.180556
5 0.327083 0.464583 0.070833 0.059722
0 0.445833 0.422917 0.060417 0.148611
3 0.559375 0.409028 0.069792 0.179167
3 0.669792 0.401389 0.071875 0.183333
3 0.900000 0.408333 0.077083 0.175000
3 0.092708 0.660417 0.076042 0.176389
3 0.211458 0.655556 0.075000 0.186111
3 0.440625 0.654861 0.072917 0.176389
3 0.562500 0.656944 0.069792 0.180556
3 0.790625 0.654167 0.068750 0.180556
3 0.903125 0.652778 0.073958 0.186111
5 0.097917 0.944444 0.069792 0.050000
5 0.214583 0.940972 0.069792 0.059722
5 0.334375 0.937500 0.070833 0.055556
0 0.443750 0.894444 0.061458 0.147222
5 0.554167 0.938889 0.077083 0.058333
2 0.676042 0.913889 0.101042 0.102778
5 0.784375 0.938194 0.069792 0.059722
5 0.906250 0.943056 0.072917 0.055556
