3 0.098958 0.151389 0.072917 0.183333
3 0.208333 0.155556 0.076042 0.180556
3 0.321875 0.156250 0.068750 0.176389
3 0.442708 0.157639 0.073958 0.176389
3 0.554167 0.151389 0.071875 0.186111
3 0.676042 0.153472 0.073958 0.184722
3 0.790625 0.153472 0.068750 0.181944
3 0.900000 0.154861 0.077083 0.184722
0 0.094792 0.424306 0.066667 0.148611
0 0.210417 0.422222 0.059375 0.150000
0 0.333333 0.420139 0.062500 0.148611
0 0.448958 0.413889 0.063542 0.158333
0 0.551042 0.422917 0.063542 0.148611
0 0.787500 0.422222 0.066667 0.152778
0 0.902083 0.417361 0.066667 0.154167
5 0.100000 0.718056 0.072917 0.052778
5 0.210417 0.716667 0.077083 0.061111
5 0.326042 0.715278 0.073958 0.061111
5 0.436458 0.717361 0.073958 0.054167
5 0.553125 0.718750 0.068750 0.056944
5 0.675000 0.722222 0.068750 0.052778
5 0.785417 0.720139 0.070833 0.054167
4 0.898958 0.686806 0.080208 0.112500
1 0.330208 0.886806 0.092708 0.162500
1 0.673958 0.881944 0.089583 0.169444
1 0.780208 0.885417 0.089583 0.165278
1 0.902083 0.885417 0.097917 0.168056
