4 0.097917 0.188194 0.080208 0.115278
3 0.208333 0.156250 0.073958 0.176389
3 0.448958 0.157639 0.069792 0.176389
3 0.560417 0.155556 0.070833 0.180556
3 0.783333 0.156944 0.075000 0.183333
3 0.905208 0.156250 0.075000 0.181944
0 0.096875 0.419444 0.062500 0.147222
0 0.321875 0.417361 0.065625 0.154167
0 0.441667 0.419444 0.065625 0.152778
0 0.558333 0.418750 0.065625 0.156944
0 0.783333 0.415972 0.064583 0.156944
0 0.902083 0.418750 0.066667 0.151389
2 0.208333 0.697917 0.101042 0.098611
2 0.323958 0.697222 0.105208 0.091667
4 0.438542 0.686111 0.087500 0.116667
2 0.555208 0.695833 0.103125 0.097222
2 0.667708 0.700000 0.103125 0.091667
2 0.792708 0.696528 0.102083 0.095833
2 0.895833 0.695139 0.100000 0.098611
4 0.092708 0.906944 0.083333 0.116667
4 0.216667 0.911111 0.083333 0.111111
4 0.334375 0.911806 0.082292 0.109722
4 0.439583 0.911806 0.081250 0.109722
4 0.557292 0.913889 0.085417 0.108333
4 0.676042 0.911111 0.086458 0.108333
4 0.780208 0.911111 0.079167 0.111111
4 0.903125 0.911806 0.079167 0.109722
