0 0.094792 0.164583 0.061458 0.156944
0 0.323958 0.170139 0.060417 0.151389
0 0.444792 0.170139 0.063542 0.154167
0 0.557292 0.168750 0.062500 0.154167
0 0.670833 0.169444 0.059375 0.150000
0 0.780208 0.168750 0.061458 0.154167
0 0.900000 0.172917 0.065625 0.148611
0 0.101042 0.419444 0.061458 0.150000
0 0.322917 0.423611 0.064583 0.150000
0 0.437500 0.418056 0.065625 0.155556
0 0.676042 0.420139 0.066667 0.154167
0 0.788542 0.419444 0.064583 0.147222
2 0.104167 0.698611 0.101042 0.091667
2 0.207292 0.697917 0.108333 0.095833
2 0.330208 0.697222 0.101042 0.100000
2 0.441667 0.697222 0.106250 0.091667
2 0.558333 0.694444 0.102083 0.100000
2 0.665625 0.701389 0.107292 0.094444
2 0.786458 0.696528 0.103125 0.098611
2 0.897917 0.691667 0.100000 0.102778
4 0.103125 0.914583 0.084375 0.106944
4 0.213542 0.913889 0.080208 0.111111
4 0.329167 0.911111 0.087500 0.113889
4 0.440625 0.911111 0.080208 0.113889
4 0.555208 0.911806 0.085417 0.109722
4 0.665625 0.911111 0.082292 0.108333
4 0.783333 0.914583 0.084375 0.109722
