5 0.209375 0.216667 0.073958 0.058333
5 0.325000 0.216667 0.069792 0.052778
5 0.441667 0.219444 0.077083 0.052778
5 0.551042 0.214583 0.070833 0.056944
5 0.669792 0.215972 0.068750 0.054167
5 0.782292 0.220833 0.072917 0.055556
5 0.905208 0.213194 0.076042 0.059722
2 0.210417 0.448611 0.107292 0.091667
3 0.334375 0.404167 0.076042 0.177778
2 0.560417 0.447222 0.106250 0.091667
2 0.669792 0.441667 0.100000 0.102778
2 0.785417 0.447917 0.103125 0.093056
4 0.104167 0.686111 0.084375 0.113889
4 0.217708 0.691667 0.085417 0.111111
4 0.334375 0.694444 0.085417 0.105556
4 0.445833 0.688889 0.086458 0.111111
4 0.562500 0.690972 0.080208 0.106944
4 0.668750 0.688194 0.080208 0.109722
4 0.784375 0.690972 0.083333 0.112500
4 0.904167 0.691667 0.079167 0.111111
0 0.098958 0.890972 0.065625 0.148611
0 0.219792 0.895833 0.065625 0.147222
0 0.329167 0.890972 0.063542 0.156944
0 0.436458 0.894444 0.064583 0.147222
0 0.551042 0.894444 0.065625 0.152778
0 0.668750 0.896528 0.062500 0.148611
0 0.785417 0.889583 0.061458 0.154167
0 0.907292 0.887500 0.058333 0.155556
