0 0.101042 0.168750 0.062500 0.156944
0 0.217708 0.163889 0.060417 0.158333
0 0.322917 0.174306 0.060417 0.148611
0 0.442708 0.168056 0.059375 0.155556
0 0.551042 0.172222 0.061458 0.147222
0 0.671875 0.168750 0.059375 0.154167
0 0.781250 0.169444 0.064583 0.152778
0 0.897917 0.169444 0.060417 0.158333
3 0.093750 0.405556 0.069792 0.183333
3 0.207292 0.406944 0.075000 0.180556
3 0.322917 0.400694 0.069792 0.184722
3 0.445833 0.404861 0.075000 0.179167
3 0.559375 0.406944 0.075000 0.177778
3 0.672917 0.406944 0.076042 0.180556
3 0.791667 0.401389 0.071875 0.183333
3 0.907292 0.401389 0.076042 0.183333
2 0.098958 0.699306 0.108333 0.093056
5 0.213542 0.718056 0.077083 0.055556
5 0.440625 0.718056 0.076042 0.058333
5 0.553125 0.720833 0.070833 0.055556
5 0.897917 0.717361 0.069792 0.059722
3 0.103125 0.873611 0.068750 0.183333
3 0.212500 0.877778 0.071875 0.183333
3 0.332292 0.872917 0.073958 0.184722
3 0.439583 0.879167 0.069792 0.177778
3 0.557292 0.875694 0.069792 0.184722
3 0.790625 0.878472 0.068750 0.181944
3 0.894792 0.874306 0.068750 0.184722
