5 0.214583 0.217361 0.070833 0.054167
5 0.330208 0.216667 0.073958 0.061111
5 0.442708 0.219444 0.073958 0.050000
5 0.555208 0.212500 0.072917 0.061111
5 0.903125 0.215278 0.076042 0.061111
0 0.103125 0.419444 0.064583 0.155556
0 0.213542 0.417361 0.066667 0.151389
0 0.321875 0.422222 0.066667 0.150000
0 0.436458 0.418750 0.066667 0.148611
0 0.560417 0.421528 0.061458 0.148611
0 0.671875 0.417361 0.062500 0.154167
0 0.905208 0.416667 0.066667 0.158333
2 0.092708 0.695833 0.104167 0.094444
2 0.208333 0.695139 0.103125 0.101389
2 0.325000 0.700694 0.100000 0.093056
2 0.445833 0.697222 0.100000 0.100000
2 0.556250 0.692361 0.103125 0.101389
2 0.670833 0.701389 0.108333 0.091667
2 0.782292 0.695139 0.100000 0.095833
2 0.903125 0.695833 0.100000 0.100000
1 0.097917 0.881250 0.094792 0.168056
1 0.218750 0.890278 0.089583 0.161111
1 0.321875 0.886806 0.090625 0.165278
1 0.440625 0.884722 0.096875 0.161111
1 0.666667 0.881250 0.090625 0.168056
1 0.780208 0.881250 0.091667 0.168056
1 0.897917 0.889583 0.091667 0.162500
