4 0.104167 0.192361 0.080208 0.112500
4 0.211458 0.194444 0.080208 0.108333
4 0.323958 0.190972 0.079167 0.109722
4 0.441667 0.190278 0.087500 0.105556
4 0.559375 0.186806 0.086458 0.115278
4 0.665625 0.189583 0.085417 0.112500
4 0.786458 0.193056 0.082292 0.108333
4 0.896875 0.190972 0.080208 0.112500
3 0.105208 0.404167 0.075000 0.177778
2 0.216667 0.447222 0.104167 0.100000
3 0.438542 0.405556 0.076042 0.183333
3 0.552083 0.405556 0.076042 0.183333
3 0.675000 0.406250 0.077083 0.176389
3 0.790625 0.406944 0.076042 0.183333
3 0.901042 0.405556 0.077083 0.186111
3 0.103125 0.652778 0.069792 0.180556
3 0.209375 0.655556 0.076042 0.183333
3 0.322917 0.656944 0.077083 0.180556
3 0.551042 0.652778 0.073958 0.186111
3 0.670833 0.653472 0.073958 0.181944
3 0.787500 0.652083 0.073958 0.181944
3 0.905208 0.652083 0.072917 0.181944
4 0.104167 0.909722 0.079167 0.111111
4 0.218750 0.912500 0.083333 0.111111
4 0.322917 0.912500 0.087500 0.111111
3 0.439583 0.873611 0.073958 0.183333
4 0.552083 0.916667 0.085417 0.108333
4 0.787500 0.912500 0.082292 0.108333
4 0.900000 0.912500 0.080208 0.111111
