1 0.208333 0.163889 0.093750 0.163889
1 0.326042 0.162500 0.095833 0.163889
1 0.447917 0.165278 0.094792 0.163889
1 0.563542 0.159722 0.095833 0.169444
1 0.676042 0.161806 0.094792 0.162500
1 0.780208 0.163889 0.090625 0.166667
1 0.898958 0.162500 0.094792 0.161111
4 0.097917 0.438889 0.079167 0.108333
4 0.219792 0.439583 0.079167 0.106944
4 0.331250 0.444444 0.086458 0.108333
4 0.447917 0.443750 0.087500 0.109722
4 0.557292 0.442361 0.083333 0.112500
4 0.678125 0.443750 0.082292 0.109722
4 0.791667 0.440972 0.079167 0.109722
4 0.895833 0.444444 0.082292 0.105556
5 0.097917 0.721528 0.068750 0.054167
5 0.211458 0.717361 0.071875 0.054167
5 0.323958 0.712500 0.069792 0.061111
5 0.444792 0.721528 0.071875 0.051389
5 0.563542 0.712500 0.068750 0.061111
5 0.678125 0.719444 0.076042 0.050000
5 0.790625 0.715278 0.072917 0.055556
5 0.901042 0.713889 0.070833 0.061111
2 0.104167 0.916667 0.103125 0.102778
2 0.321875 0.921528 0.104167 0.098611
2 0.444792 0.922222 0.107292 0.094444
2 0.557292 0.923611 0.101042 0.091667
2 0.668750 0.918750 0.106250 0.098611
2 0.789583 0.919444 0.106250 0.102778
2 0.894792 0.918056 0.105208 0.094444
