0 0.103125 0.168056 0.065625 0.158333
0 0.209375 0.168056 0.059375 0.155556
0 0.330208 0.165278 0.064583 0.155556
0 0.441667 0.168750 0.061458 0.154167
0 0.554167 0.164583 0.060417 0.156944
0 0.784375 0.170833 0.060417 0.152778
0 0.905208 0.170833 0.060417 0.155556
2 0.094792 0.450000 0.106250 0.091667
2 0.213542 0.443056 0.107292 0.100000
2 0.327083 0.445833 0.107292 0.102778
2 0.553125 0.446528 0.106250 0.093056
2 0.665625 0.447222 0.107292 0.100000
2 0.784375 0.447917 0.100000 0.098611
2 0.894792 0.447222 0.105208 0.100000
4 0.209375 0.688194 0.085417 0.109722
4 0.327083 0.691667 0.085417 0.111111
2 0.445833 0.695833 0.100000 0.094444
4 0.557292 0.686111 0.083333 0.113889
4 0.675000 0.690972 0.080208 0.109722
4 0.789583 0.690972 0.079167 0.112500
4 0.905208 0.684722 0.083333 0.116667
2 0.211458 0.920833 0.102083 0.097222
2 0.331250 0.921528 0.103125 0.093056
2 0.441667 0.922222 0.108333 0.091667
2 0.559375 0.918750 0.107292 0.095833
2 0.785417 0.913889 0.107292 0.102778
2 0.894792 0.915972 0.107292 0.101389
