0 0.217708 0.169444 0.063542 0.147222
0 0.323958 0.171528 0.058333 0.154167
0 0.555208 0.172917 0.061458 0.151389
1 0.678125 0.160417 0.093750 0.165278
0 0.783333 0.173611 0.061458 0.147222
3 0.103125 0.406944 0.068750 0.180556
3 0.208333 0.400000 0.068750 0.186111
3 0.443750 0.406944 0.075000 0.183333
3 0.556250 0.407639 0.071875 0.179167
3 0.678125 0.400000 0.069792 0.186111
3 0.791667 0.403472 0.071875 0.184722
3 0.907292 0.404861 0.073958 0.176389
4 0.103125 0.686806 0.084375 0.115278
4 0.217708 0.688889 0.082292 0.111111
4 0.331250 0.691667 0.081250 0.113889
4 0.445833 0.691667 0.081250 0.108333
4 0.563542 0.691667 0.080208 0.105556
4 0.671875 0.690972 0.085417 0.112500
4 0.790625 0.684722 0.084375 0.116667
1 0.898958 0.659722 0.091667 0.172222
1 0.093750 0.884722 0.092708 0.163889
1 0.213542 0.881250 0.091667 0.168056
1 0.329167 0.880556 0.094792 0.172222
1 0.447917 0.886111 0.089583 0.161111
3 0.562500 0.875000 0.068750 0.183333
1 0.672917 0.884028 0.093750 0.165278
1 0.786458 0.881250 0.091667 0.170833
1 0.896875 0.885417 0.091667 0.168056
