5 0.105208 0.220139 0.068750 0.051389
5 0.441667 0.217361 0.076042 0.059722
5 0.558333 0.216667 0.073958 0.061111
5 0.675000 0.221528 0.069792 0.051389
5 0.787500 0.221528 0.073958 0.054167
5 0.905208 0.221528 0.071875 0.051389
4 0.208333 0.442361 0.081250 0.109722
4 0.321875 0.438194 0.080208 0.115278
0 0.436458 0.415278 0.062500 0.155556
4 0.561458 0.439583 0.080208 0.106944
1 0.670833 0.412500 0.090625 0.161111
4 0.902083 0.444444 0.080208 0.105556
3 0.095833 0.658333 0.070833 0.180556
3 0.212500 0.656250 0.073958 0.176389
3 0.438542 0.656250 0.076042 0.181944
3 0.552083 0.656250 0.071875 0.176389
3 0.667708 0.654167 0.069792 0.180556
3 0.791667 0.653472 0.071875 0.179167
3 0.902083 0.658333 0.068750 0.180556
1 0.098958 0.884722 0.092708 0.166667
1 0.210417 0.881944 0.097917 0.172222
1 0.321875 0.884722 0.095833 0.169444
1 0.443750 0.884028 0.093750 0.168056
1 0.559375 0.888889 0.095833 0.161111
1 0.670833 0.879167 0.090625 0.172222
1 0.785417 0.886111 0.097917 0.166667
1 0.906250 0.888194 0.092708 0.162500
