2 0.098958 0.196528 0.104167 0.095833
2 0.214583 0.197222 0.104167 0.100000
2 0.323958 0.200000 0.103125 0.094444
2 0.439583 0.195139 0.108333 0.101389
2 0.560417 0.197917 0.105208 0.101389
3 0.666667 0.157639 0.069792 0.176389
2 0.791667 0.199306 0.108333 0.095833
2 0.907292 0.194444 0.104167 0.100000
4 0.219792 0.437500 0.082292 0.113889
4 0.322917 0.444444 0.079167 0.105556
4 0.437500 0.444444 0.081250 0.108333
4 0.557292 0.442361 0.082292 0.106944
4 0.673958 0.439583 0.079167 0.106944
4 0.780208 0.438194 0.079167 0.112500
5 0.103125 0.719444 0.072917 0.058333
5 0.211458 0.717361 0.075000 0.056944
5 0.333333 0.715278 0.068750 0.061111
5 0.437500 0.718750 0.077083 0.059722
5 0.562500 0.712500 0.068750 0.061111
5 0.671875 0.713194 0.070833 0.059722
5 0.784375 0.714583 0.070833 0.059722
5 0.900000 0.715972 0.072917 0.054167
2 0.095833 0.913889 0.106250 0.102778
2 0.214583 0.918056 0.103125 0.097222
2 0.328125 0.920833 0.103125 0.091667
2 0.436458 0.918056 0.100000 0.102778
2 0.553125 0.918750 0.107292 0.101389
2 0.667708 0.916667 0.107292 0.102778
2 0.906250 0.921528 0.105208 0.095833
