1 0.103125 0.167361 0.093750 0.162500
2 0.208333 0.195833 0.103125 0.097222
2 0.446875 0.197917 0.107292 0.093056
2 0.560417 0.194444 0.107292 0.102778
2 0.670833 0.199306 0.103125 0.098611
2 0.786458 0.195139 0.104167 0.095833
2 0.903125 0.202778 0.103125 0.091667
5 0.218750 0.466667 0.072917 0.055556
5 0.334375 0.470139 0.071875 0.054167
5 0.444792 0.473611 0.073958 0.050000
5 0.556250 0.465278 0.073958 0.055556
5 0.671875 0.468750 0.072917 0.059722
5 0.780208 0.467361 0.071875 0.056944
5 0.900000 0.465972 0.070833 0.059722
0 0.095833 0.670833 0.063542 0.147222
0 0.208333 0.668056 0.058333 0.150000
0 0.328125 0.666667 0.058333 0.152778
0 0.445833 0.673611 0.061458 0.147222
0 0.556250 0.672222 0.064583 0.147222
0 0.670833 0.668750 0.062500 0.154167
0 0.791667 0.670139 0.061458 0.148611
4 0.095833 0.913194 0.086458 0.115278
5 0.208333 0.940278 0.077083 0.061111
5 0.328125 0.941667 0.075000 0.058333
5 0.436458 0.942361 0.075000 0.056944
1 0.563542 0.886111 0.096875 0.163889
5 0.786458 0.943056 0.071875 0.055556
5 0.904167 0.940972 0.072917 0.054167
