0 0.096875 0.169444 0.062500 0.152778
0 0.210417 0.165278 0.064583 0.158333
0 0.333333 0.170139 0.063542 0.154167
0 0.437500 0.172917 0.061458 0.148611
0 0.672917 0.168056 0.064583 0.155556
0 0.785417 0.174306 0.065625 0.148611
0 0.900000 0.171528 0.061458 0.151389
0 0.218750 0.420833 0.059375 0.147222
0 0.332292 0.420833 0.060417 0.147222
0 0.438542 0.422222 0.066667 0.150000
0 0.557292 0.416667 0.066667 0.155556
0 0.673958 0.418056 0.062500 0.158333
0 0.789583 0.423611 0.059375 0.150000
0 0.210417 0.666667 0.061458 0.158333
0 0.444792 0.670833 0.064583 0.152778
1 0.556250 0.659722 0.089583 0.169444
0 0.676042 0.674306 0.059375 0.148611
0 0.781250 0.670139 0.059375 0.154167
0 0.904167 0.671528 0.060417 0.151389
4 0.096875 0.916667 0.079167 0.105556
0 0.219792 0.891667 0.066667 0.158333
1 0.437500 0.882639 0.096875 0.165278
1 0.563542 0.885417 0.092708 0.162500
1 0.677083 0.886806 0.091667 0.165278
4 0.791667 0.916667 0.086458 0.108333
