2 0.094792 0.202778 0.106250 0.091667
2 0.208333 0.195833 0.100000 0.097222
2 0.321875 0.198611 0.107292 0.094444
2 0.560417 0.197917 0.104167 0.093056
2 0.665625 0.202083 0.108333 0.093056
2 0.788542 0.198611 0.102083 0.097222
2 0.897917 0.194444 0.104167 0.100000
3 0.092708 0.405556 0.070833 0.180556
3 0.326042 0.407639 0.068750 0.179167
3 0.438542 0.411111 0.076042 0.175000
3 0.678125 0.403472 0.068750 0.181944
3 0.894792 0.408333 0.077083 0.175000
0 0.219792 0.673611 0.058333 0.147222
0 0.323958 0.668056 0.065625 0.150000
0 0.437500 0.668750 0.066667 0.156944
0 0.678125 0.665278 0.062500 0.155556
0 0.780208 0.668750 0.059375 0.156944
0 0.907292 0.670139 0.060417 0.151389
2 0.216667 0.920139 0.102083 0.095833
2 0.323958 0.918750 0.107292 0.101389
2 0.439583 0.920139 0.105208 0.093056
2 0.551042 0.915278 0.104167 0.102778
2 0.667708 0.919444 0.106250 0.091667
2 0.792708 0.922222 0.101042 0.094444
2 0.902083 0.922222 0.106250 0.097222
