3 0.104167 0.157639 0.068750 0.176389
3 0.327083 0.154167 0.076042 0.177778
3 0.447917 0.156944 0.073958 0.183333
5 0.557292 0.223611 0.073958 0.050000
3 0.667708 0.153472 0.072917 0.181944
0 0.903125 0.175000 0.060417 0.147222
5 0.327083 0.467361 0.070833 0.051389
5 0.436458 0.466667 0.070833 0.058333
5 0.553125 0.466667 0.071875 0.055556
5 0.672917 0.464583 0.068750 0.059722
5 0.789583 0.463889 0.073958 0.061111
5 0.902083 0.471528 0.068750 0.051389
1 0.093750 0.662500 0.097917 0.161111
1 0.215625 0.661806 0.091667 0.165278
1 0.326042 0.665278 0.089583 0.166667
1 0.444792 0.661111 0.097917 0.169444
1 0.552083 0.662500 0.091667 0.169444
1 0.782292 0.662500 0.096875 0.161111
1 0.902083 0.663889 0.089583 0.166667
4 0.096875 0.909722 0.084375 0.111111
4 0.214583 0.908333 0.081250 0.113889
4 0.329167 0.911806 0.081250 0.109722
4 0.440625 0.918056 0.085417 0.105556
3 0.562500 0.875000 0.073958 0.183333
0 0.673958 0.889583 0.059375 0.156944
4 0.792708 0.916667 0.086458 0.108333
4 0.900000 0.912500 0.081250 0.108333
