1 0.105208 0.161806 0.095833 0.165278
1 0.207292 0.156944 0.096875 0.172222
1 0.325000 0.163194 0.095833 0.170833
1 0.443750 0.164583 0.094792 0.165278
1 0.555208 0.163194 0.091667 0.170833
1 0.665625 0.161806 0.096875 0.168056
1 0.781250 0.165278 0.095833 0.161111
5 0.903125 0.218056 0.077083 0.061111
1 0.102083 0.406944 0.093750 0.172222
1 0.212500 0.413194 0.093750 0.168056
1 0.331250 0.413194 0.097917 0.162500
1 0.443750 0.415278 0.097917 0.163889
1 0.552083 0.418056 0.096875 0.161111
1 0.668750 0.409722 0.096875 0.169444
1 0.788542 0.416667 0.096875 0.161111
0 0.093750 0.666667 0.065625 0.155556
0 0.212500 0.668056 0.064583 0.152778
0 0.326042 0.670833 0.065625 0.150000
0 0.446875 0.670139 0.066667 0.156944
0 0.554167 0.672222 0.060417 0.150000
0 0.671875 0.666667 0.064583 0.158333
2 0.901042 0.694444 0.105208 0.102778
0 0.105208 0.896528 0.066667 0.148611
3 0.217708 0.874306 0.076042 0.184722
0 0.436458 0.886111 0.061458 0.158333
0 0.560417 0.887500 0.061458 0.155556
0 0.678125 0.895139 0.059375 0.148611
4 0.784375 0.916667 0.079167 0.105556
0 0.904167 0.893056 0.058333 0.147222
