0 0.103125 0.163889 0.062500 0.158333
0 0.208333 0.170139 0.062500 0.156944
0 0.327083 0.168750 0.061458 0.151389
0 0.437500 0.173611 0.063542 0.147222
0 0.554167 0.170139 0.061458 0.151389
0 0.676042 0.170139 0.065625 0.151389
0 0.906250 0.168750 0.062500 0.148611
2 0.093750 0.450694 0.108333 0.093056
2 0.209375 0.452778 0.102083 0.091667
4 0.333333 0.440278 0.087500 0.105556
4 0.562500 0.437500 0.083333 0.116667
4 0.668750 0.436806 0.082292 0.112500
4 0.783333 0.445139 0.086458 0.106944
4 0.895833 0.436806 0.080208 0.115278
0 0.094792 0.675000 0.065625 0.147222
0 0.438542 0.670139 0.062500 0.154167
0 0.555208 0.669444 0.065625 0.155556
0 0.669792 0.670139 0.058333 0.156944
0 0.790625 0.668750 0.060417 0.151389
1 0.897917 0.661806 0.090625 0.168056
4 0.097917 0.910417 0.083333 0.112500
5 0.217708 0.941667 0.068750 0.052778
5 0.330208 0.943056 0.077083 0.055556
5 0.436458 0.943056 0.071875 0.050000
5 0.556250 0.940972 0.075000 0.054167
5 0.667708 0.939583 0.069792 0.059722
3 0.780208 0.872917 0.068750 0.184722
