0 0.101042 0.165278 0.062500 0.158333
0 0.219792 0.172917 0.059375 0.151389
0 0.331250 0.172222 0.062500 0.147222
0 0.444792 0.164583 0.059375 0.156944
0 0.676042 0.173611 0.066667 0.147222
0 0.895833 0.167361 0.064583 0.154167
3 0.098958 0.406250 0.069792 0.179167
3 0.211458 0.401389 0.075000 0.186111
3 0.325000 0.404861 0.077083 0.181944
4 0.442708 0.443056 0.083333 0.108333
3 0.554167 0.402083 0.069792 0.181944
0 0.904167 0.415972 0.060417 0.154167
2 0.093750 0.693750 0.101042 0.101389
2 0.329167 0.697917 0.106250 0.093056
2 0.443750 0.697222 0.101042 0.094444
2 0.554167 0.696528 0.103125 0.095833
2 0.666667 0.694444 0.107292 0.100000
1 0.789583 0.661806 0.091667 0.170833
0 0.894792 0.669444 0.060417 0.158333
3 0.104167 0.877778 0.077083 0.186111
3 0.215625 0.875000 0.077083 0.183333
3 0.321875 0.879167 0.075000 0.180556
3 0.436458 0.883333 0.070833 0.175000
3 0.556250 0.872917 0.070833 0.184722
3 0.670833 0.876389 0.070833 0.177778
3 0.783333 0.879167 0.069792 0.177778
3 0.895833 0.880556 0.068750 0.180556
