0 0.212500 0.166667 0.061458 0.158333
0 0.327083 0.170833 0.064583 0.152778
0 0.439583 0.171528 0.065625 0.151389
0 0.555208 0.171528 0.058333 0.154167
0 0.667708 0.168056 0.058333 0.158333
0 0.791667 0.165278 0.058333 0.155556
0 0.901042 0.170139 0.058333 0.154167
1 0.100000 0.415278 0.090625 0.161111
1 0.216667 0.416667 0.092708 0.161111
1 0.330208 0.416667 0.093750 0.163889
1 0.446875 0.413194 0.096875 0.168056
1 0.555208 0.409722 0.093750 0.169444
1 0.678125 0.411806 0.091667 0.168056
1 0.907292 0.411111 0.089583 0.172222
2 0.101042 0.694444 0.100000 0.102778
2 0.214583 0.697222 0.101042 0.094444
2 0.323958 0.700694 0.107292 0.095833
2 0.446875 0.692361 0.107292 0.101389
2 0.557292 0.695139 0.107292 0.095833
2 0.676042 0.697917 0.101042 0.101389
0 0.781250 0.670833 0.058333 0.147222
2 0.898958 0.697222 0.108333 0.091667
5 0.102083 0.940972 0.077083 0.051389
5 0.211458 0.938889 0.076042 0.058333
5 0.330208 0.941667 0.072917 0.058333
5 0.445833 0.940972 0.075000 0.056944
5 0.559375 0.941667 0.069792 0.055556
5 0.667708 0.938889 0.071875 0.061111
5 0.781250 0.936111 0.075000 0.061111
5 0.906250 0.943056 0.075000 0.052778
