3 0.095833 0.156250 0.070833 0.184722
3 0.218750 0.155556 0.073958 0.177778
3 0.329167 0.155556 0.070833 0.177778
3 0.436458 0.154167 0.075000 0.177778
3 0.562500 0.154167 0.069792 0.180556
3 0.671875 0.155556 0.073958 0.177778
3 0.785417 0.157639 0.071875 0.179167
3 0.897917 0.155556 0.069792 0.180556
0 0.216667 0.419444 0.062500 0.152778
4 0.323958 0.440278 0.087500 0.111111
0 0.557292 0.421528 0.059375 0.148611
0 0.667708 0.417361 0.066667 0.156944
0 0.785417 0.420139 0.066667 0.156944
2 0.900000 0.444444 0.101042 0.097222
3 0.097917 0.659722 0.071875 0.175000
3 0.218750 0.661111 0.069792 0.175000
3 0.330208 0.654861 0.071875 0.184722
3 0.446875 0.656944 0.069792 0.180556
3 0.557292 0.661111 0.069792 0.175000
3 0.673958 0.659028 0.070833 0.176389
2 0.093750 0.920139 0.100000 0.093056
2 0.207292 0.922222 0.106250 0.091667
2 0.334375 0.920833 0.108333 0.100000
3 0.447917 0.880556 0.069792 0.180556
2 0.560417 0.920833 0.106250 0.100000
2 0.666667 0.919444 0.101042 0.097222
2 0.782292 0.915972 0.103125 0.101389
2 0.903125 0.920833 0.105208 0.094444
