4 0.103125 0.190972 0.084375 0.106944
4 0.218750 0.188194 0.080208 0.115278
4 0.553125 0.188889 0.082292 0.116667
4 0.676042 0.186111 0.081250 0.113889
4 0.895833 0.189583 0.082292 0.112500
3 0.103125 0.406250 0.076042 0.176389
3 0.219792 0.410417 0.071875 0.176389
3 0.323958 0.404167 0.068750 0.180556
3 0.560417 0.406250 0.073958 0.179167
3 0.787500 0.403472 0.069792 0.184722
3 0.898958 0.404167 0.068750 0.186111
3 0.093750 0.657639 0.076042 0.176389
3 0.213542 0.657639 0.077083 0.181944
3 0.333333 0.651389 0.069792 0.186111
3 0.447917 0.651389 0.075000 0.183333
3 0.552083 0.650694 0.070833 0.184722
3 0.789583 0.661111 0.077083 0.175000
3 0.898958 0.661111 0.075000 0.175000
4 0.093750 0.913194 0.086458 0.109722
4 0.219792 0.912500 0.085417 0.116667
4 0.436458 0.910417 0.084375 0.112500
4 0.668750 0.911111 0.080208 0.116667
4 0.780208 0.913194 0.084375 0.106944
4 0.901042 0.910417 0.086458 0.115278
