5 0.104167 0.220833 0.072917 0.052778
5 0.215625 0.218056 0.071875 0.050000
5 0.323958 0.217361 0.073958 0.059722
5 0.442708 0.213194 0.077083 0.059722
5 0.559375 0.222222 0.076042 0.052778
5 0.667708 0.215972 0.073958 0.054167
5 0.788542 0.213889 0.076042 0.058333
4 0.104167 0.440278 0.087500 0.116667
4 0.219792 0.440972 0.085417 0.112500
4 0.334375 0.440278 0.086458 0.108333
4 0.444792 0.437500 0.084375 0.111111
4 0.551042 0.438889 0.087500 0.108333
4 0.781250 0.443056 0.083333 0.111111
4 0.902083 0.440278 0.084375 0.105556
4 0.208333 0.688889 0.086458 0.108333
4 0.327083 0.693750 0.083333 0.109722
4 0.445833 0.691667 0.080208 0.113889
4 0.563542 0.687500 0.087500 0.111111
4 0.667708 0.690972 0.084375 0.109722
4 0.792708 0.690278 0.081250 0.113889
4 0.907292 0.691667 0.083333 0.111111
2 0.098958 0.919444 0.102083 0.097222
2 0.208333 0.919444 0.106250 0.094444
2 0.322917 0.914583 0.103125 0.101389
2 0.436458 0.920833 0.101042 0.094444
2 0.552083 0.920139 0.106250 0.095833
2 0.667708 0.922917 0.101042 0.095833
2 0.784375 0.922917 0.108333 0.095833
2 0.895833 0.920833 0.107292 0.091667
