4 0.104167 0.194444 0.083333 0.105556
4 0.208333 0.193056 0.082292 0.105556
4 0.333333 0.186806 0.082292 0.112500
4 0.446875 0.193056 0.084375 0.105556
4 0.562500 0.193750 0.079167 0.106944
4 0.665625 0.187500 0.082292 0.116667
4 0.782292 0.189583 0.084375 0.106944
4 0.901042 0.190972 0.082292 0.109722
3 0.097917 0.403472 0.068750 0.184722
3 0.219792 0.406944 0.071875 0.177778
3 0.323958 0.406250 0.068750 0.184722
3 0.561458 0.405556 0.073958 0.175000
3 0.895833 0.406250 0.069792 0.179167
0 0.209375 0.666667 0.060417 0.158333
0 0.332292 0.663889 0.060417 0.158333
0 0.441667 0.668056 0.060417 0.158333
1 0.557292 0.658333 0.095833 0.169444
0 0.785417 0.672222 0.060417 0.152778
1 0.098958 0.882639 0.094792 0.168056
1 0.219792 0.881944 0.095833 0.172222
1 0.323958 0.883333 0.090625 0.166667
1 0.556250 0.882639 0.095833 0.170833
1 0.788542 0.887500 0.092708 0.166667
1 0.903125 0.888194 0.090625 0.162500
