3 0.104167 0.156250 0.072917 0.176389
3 0.214583 0.156250 0.077083 0.181944
3 0.326042 0.159722 0.070833 0.175000
3 0.436458 0.150694 0.077083 0.184722
3 0.555208 0.159722 0.068750 0.177778
3 0.668750 0.156944 0.076042 0.177778
3 0.787500 0.158333 0.075000 0.180556
3 0.901042 0.154861 0.073958 0.179167
0 0.098958 0.416667 0.061458 0.158333
0 0.214583 0.418750 0.063542 0.154167
0 0.331250 0.420833 0.058333 0.147222
0 0.446875 0.418750 0.062500 0.156944
0 0.555208 0.418056 0.066667 0.152778
3 0.669792 0.405556 0.073958 0.183333
0 0.790625 0.418750 0.059375 0.154167
0 0.896875 0.423611 0.058333 0.147222
0 0.213542 0.663889 0.065625 0.158333
0 0.321875 0.667361 0.058333 0.154167
0 0.436458 0.671528 0.061458 0.151389
0 0.667708 0.665278 0.059375 0.158333
0 0.789583 0.668750 0.062500 0.148611
0 0.907292 0.666667 0.061458 0.158333
1 0.104167 0.884722 0.091667 0.172222
1 0.332292 0.887500 0.094792 0.161111
1 0.446875 0.887500 0.089583 0.166667
1 0.557292 0.888889 0.096875 0.161111
1 0.672917 0.886111 0.091667 0.161111
1 0.787500 0.883333 0.097917 0.163889
1 0.902083 0.882639 0.092708 0.165278
