4 0.096875 0.190278 0.085417 0.111111
4 0.323958 0.191667 0.080208 0.111111
4 0.439583 0.193056 0.080208 0.111111
4 0.554167 0.194444 0.080208 0.108333
4 0.677083 0.192361 0.081250 0.112500
4 0.787500 0.186806 0.085417 0.115278
4 0.098958 0.436111 0.085417 0.116667
4 0.219792 0.445139 0.080208 0.106944
4 0.333333 0.436111 0.080208 0.116667
4 0.441667 0.436806 0.087500 0.112500
4 0.557292 0.438889 0.080208 0.111111
4 0.666667 0.443056 0.085417 0.108333
4 0.781250 0.437500 0.082292 0.116667
4 0.904167 0.443056 0.080208 0.111111
5 0.215625 0.718750 0.071875 0.054167
1 0.322917 0.666667 0.091667 0.163889
5 0.441667 0.723611 0.070833 0.050000
5 0.560417 0.719444 0.071875 0.050000
5 0.678125 0.721528 0.072917 0.051389
5 0.897917 0.718056 0.075000 0.061111
3 0.103125 0.877778 0.068750 0.175000
3 0.212500 0.881944 0.075000 0.177778
3 0.437500 0.879167 0.071875 0.175000
3 0.557292 0.879167 0.072917 0.183333
3 0.669792 0.875000 0.075000 0.180556
3 0.792708 0.877778 0.069792 0.180556
3 0.896875 0.875694 0.073958 0.179167
