5 0.092708 0.216667 0.070833 0.061111
5 0.333333 0.213889 0.073958 0.061111
5 0.445833 0.214583 0.073958 0.056944
5 0.551042 0.218750 0.075000 0.059722
5 0.678125 0.218750 0.069792 0.051389
0 0.905208 0.163889 0.061458 0.158333
3 0.096875 0.406250 0.072917 0.179167
3 0.219792 0.404861 0.069792 0.184722
3 0.329167 0.408333 0.070833 0.177778
3 0.556250 0.400694 0.071875 0.184722
2 0.675000 0.446528 0.108333 0.098611
3 0.781250 0.406944 0.070833 0.183333
3 0.900000 0.403472 0.076042 0.184722
2 0.103125 0.695139 0.102083 0.101389
5 0.219792 0.713194 0.069792 0.059722
2 0.331250 0.697222 0.103125 0.091667
2 0.437500 0.700694 0.102083 0.095833
2 0.555208 0.696528 0.105208 0.101389
2 0.675000 0.702778 0.102083 0.091667
2 0.780208 0.696528 0.100000 0.101389
2 0.894792 0.697917 0.102083 0.093056
3 0.098958 0.875694 0.072917 0.179167
3 0.207292 0.879167 0.070833 0.180556
3 0.333333 0.872222 0.071875 0.186111
3 0.443750 0.875000 0.070833 0.180556
3 0.554167 0.879861 0.070833 0.181944
3 0.676042 0.877778 0.068750 0.177778
3 0.781250 0.878472 0.070833 0.181944
3 0.897917 0.877083 0.070833 0.181944
