0 0.094792 0.169444 0.066667 0.152778
0 0.217708 0.173611 0.060417 0.150000
0 0.334375 0.172917 0.062500 0.151389
0 0.439583 0.168750 0.062500 0.156944
0 0.558333 0.165972 0.064583 0.156944
0 0.667708 0.168056 0.063542 0.155556
0 0.783333 0.165972 0.062500 0.156944
0 0.896875 0.170139 0.064583 0.151389
1 0.100000 0.409722 0.096875 0.166667
1 0.207292 0.415278 0.094792 0.161111
1 0.326042 0.413889 0.095833 0.163889
1 0.444792 0.411806 0.092708 0.168056
1 0.552083 0.415278 0.090625 0.163889
1 0.671875 0.412500 0.092708 0.172222
1 0.904167 0.416667 0.096875 0.163889
1 0.101042 0.664583 0.093750 0.168056
1 0.217708 0.659028 0.094792 0.168056
1 0.331250 0.666667 0.092708 0.161111
5 0.551042 0.720139 0.069792 0.054167
1 0.677083 0.657639 0.097917 0.170833
1 0.786458 0.659722 0.096875 0.172222
1 0.897917 0.659028 0.093750 0.170833
1 0.104167 0.886806 0.093750 0.165278
1 0.208333 0.887500 0.093750 0.166667
1 0.321875 0.884722 0.091667 0.166667
1 0.444792 0.885417 0.092708 0.165278
1 0.668750 0.880556 0.089583 0.172222
1 0.788542 0.886111 0.091667 0.161111
1 0.898958 0.881250 0.093750 0.168056
