3 0.093750 0.156250 0.072917 0.184722
2 0.208333 0.197917 0.101042 0.095833
3 0.329167 0.161111 0.070833 0.175000
2 0.438542 0.197222 0.100000 0.094444
2 0.557292 0.201389 0.108333 0.091667
2 0.669792 0.197222 0.104167 0.097222
2 0.791667 0.196528 0.102083 0.093056
2 0.906250 0.199306 0.104167 0.095833
2 0.094792 0.445833 0.105208 0.097222
2 0.211458 0.451389 0.107292 0.094444
2 0.323958 0.448611 0.103125 0.094444
2 0.440625 0.446528 0.107292 0.101389
2 0.558333 0.445139 0.101042 0.095833
2 0.667708 0.447222 0.105208 0.094444
2 0.896875 0.444444 0.103125 0.097222
3 0.097917 0.653472 0.073958 0.179167
3 0.210417 0.654167 0.071875 0.186111
3 0.330208 0.656250 0.075000 0.181944
3 0.439583 0.657639 0.073958 0.176389
3 0.558333 0.652083 0.075000 0.184722
3 0.673958 0.660417 0.071875 0.176389
3 0.784375 0.654861 0.071875 0.179167
2 0.102083 0.920833 0.102083 0.097222
2 0.217708 0.921528 0.101042 0.093056
2 0.322917 0.917361 0.106250 0.098611
2 0.448958 0.917361 0.107292 0.098611
2 0.553125 0.920833 0.105208 0.100000
2 0.670833 0.924306 0.105208 0.093056
2 0.786458 0.914583 0.104167 0.101389
2 0.895833 0.916667 0.105208 0.100000
