0 0.092708 0.165278 0.065625 0.155556
0 0.216667 0.170833 0.066667 0.152778
0 0.330208 0.173611 0.061458 0.150000
0 0.446875 0.168750 0.065625 0.154167
0 0.555208 0.173611 0.060417 0.147222
0 0.785417 0.170833 0.065625 0.147222
1 0.097917 0.415972 0.097917 0.165278
1 0.218750 0.409028 0.094792 0.170833
1 0.445833 0.416667 0.096875 0.163889
1 0.552083 0.408333 0.094792 0.169444
1 0.895833 0.411806 0.092708 0.165278
0 0.105208 0.667361 0.059375 0.156944
0 0.325000 0.670139 0.066667 0.151389
0 0.448958 0.665278 0.064583 0.158333
0 0.563542 0.670139 0.058333 0.154167
0 0.668750 0.665972 0.066667 0.156944
0 0.792708 0.668056 0.066667 0.150000
0 0.898958 0.663889 0.060417 0.158333
0 0.096875 0.893056 0.061458 0.152778
4 0.216667 0.912500 0.082292 0.116667
0 0.332292 0.888889 0.065625 0.152778
0 0.439583 0.895833 0.058333 0.150000
0 0.552083 0.892361 0.058333 0.154167
0 0.665625 0.895139 0.058333 0.148611
0 0.780208 0.891667 0.061458 0.147222
0 0.894792 0.890972 0.066667 0.156944
