5 0.105208 0.221528 0.068750 0.054167
2 0.208333 0.202778 0.104167 0.091667
2 0.327083 0.196528 0.104167 0.095833
2 0.444792 0.200000 0.106250 0.094444
2 0.677083 0.198611 0.108333 0.097222
2 0.790625 0.195139 0.100000 0.101389
5 0.092708 0.468056 0.070833 0.055556
0 0.217708 0.423611 0.064583 0.147222
5 0.327083 0.468056 0.076042 0.052778
5 0.448958 0.471528 0.072917 0.054167
5 0.551042 0.473611 0.072917 0.050000
5 0.673958 0.467361 0.068750 0.059722
5 0.792708 0.468750 0.068750 0.054167
5 0.907292 0.467361 0.073958 0.056944
4 0.104167 0.690972 0.085417 0.112500
4 0.208333 0.688194 0.083333 0.109722
4 0.329167 0.690278 0.086458 0.116667
4 0.447917 0.694444 0.086458 0.108333
4 0.560417 0.690278 0.080208 0.116667
4 0.678125 0.688194 0.079167 0.115278
4 0.780208 0.686806 0.085417 0.115278
4 0.900000 0.690972 0.087500 0.115278
1 0.097917 0.881250 0.089583 0.170833
4 0.211458 0.909028 0.079167 0.115278
4 0.331250 0.911806 0.086458 0.109722
4 0.446875 0.916667 0.083333 0.105556
4 0.552083 0.913194 0.079167 0.106944
4 0.675000 0.911111 0.080208 0.113889
4 0.790625 0.912500 0.085417 0.113889
4 0.896875 0.913194 0.082292 0.112500
