1 0.094792 0.166667 0.093750 0.163889
5 0.210417 0.216667 0.070833 0.055556
1 0.447917 0.161111 0.093750 0.169444
1 0.557292 0.163194 0.092708 0.165278
1 0.789583 0.161806 0.093750 0.170833
1 0.896875 0.165972 0.092708 0.165278
1 0.094792 0.411806 0.090625 0.162500
1 0.207292 0.414583 0.095833 0.168056
1 0.332292 0.415972 0.093750 0.162500
1 0.443750 0.411806 0.097917 0.162500
1 0.672917 0.413194 0.093750 0.165278
1 0.781250 0.409028 0.091667 0.168056
1 0.902083 0.406944 0.096875 0.172222
3 0.095833 0.652083 0.076042 0.181944
5 0.212500 0.714583 0.075000 0.056944
3 0.328125 0.655556 0.077083 0.177778
3 0.444792 0.651389 0.075000 0.183333
3 0.555208 0.654861 0.073958 0.181944
3 0.668750 0.655556 0.073958 0.186111
3 0.784375 0.655556 0.073958 0.183333
3 0.900000 0.652778 0.068750 0.186111
5 0.100000 0.940972 0.072917 0.054167
5 0.215625 0.936111 0.075000 0.061111
5 0.333333 0.939583 0.073958 0.059722
5 0.441667 0.938194 0.071875 0.054167
5 0.559375 0.940972 0.076042 0.059722
5 0.671875 0.936111 0.076042 0.058333
5 0.904167 0.938194 0.069792 0.054167
