5 0.097917 0.222917 0.071875 0.051389
5 0.213542 0.215278 0.070833 0.058333
5 0.436458 0.219444 0.070833 0.052778
5 0.561458 0.215972 0.069792 0.056944
5 0.668750 0.215278 0.068750 0.058333
5 0.903125 0.218056 0.068750 0.055556
0 0.102083 0.420139 0.058333 0.148611
0 0.216667 0.418750 0.065625 0.148611
0 0.322917 0.419444 0.063542 0.155556
0 0.437500 0.420139 0.062500 0.156944
0 0.665625 0.420139 0.060417 0.151389
3 0.792708 0.406250 0.076042 0.184722
0 0.902083 0.417361 0.062500 0.151389
1 0.103125 0.665972 0.090625 0.162500
1 0.217708 0.665278 0.094792 0.163889
1 0.444792 0.657639 0.094792 0.170833
1 0.558333 0.663889 0.090625 0.169444
1 0.670833 0.661806 0.095833 0.165278
1 0.781250 0.662500 0.094792 0.163889
1 0.895833 0.657639 0.092708 0.170833
1 0.331250 0.888194 0.094792 0.165278
1 0.441667 0.886111 0.093750 0.169444
1 0.562500 0.881944 0.096875 0.172222
1 0.675000 0.881250 0.095833 0.168056
