1 0.098958 0.161111 0.091667 0.169444
1 0.219792 0.165278 0.089583 0.161111
1 0.436458 0.162500 0.097917 0.161111
1 0.561458 0.159028 0.094792 0.170833
1 0.678125 0.164583 0.090625 0.165278
1 0.783333 0.165972 0.092708 0.162500
1 0.904167 0.165278 0.089583 0.163889
5 0.094792 0.467361 0.071875 0.054167
5 0.207292 0.469444 0.077083 0.052778
5 0.328125 0.463889 0.071875 0.058333
0 0.436458 0.420139 0.066667 0.156944
5 0.554167 0.470833 0.077083 0.052778
5 0.676042 0.470139 0.069792 0.056944
5 0.790625 0.467361 0.069792 0.059722
5 0.907292 0.465972 0.073958 0.059722
1 0.104167 0.666667 0.091667 0.163889
1 0.218750 0.662500 0.097917 0.163889
1 0.441667 0.660417 0.094792 0.165278
1 0.551042 0.659722 0.090625 0.172222
1 0.788542 0.663194 0.094792 0.165278
5 0.219792 0.937500 0.068750 0.061111
5 0.322917 0.938889 0.073958 0.058333
5 0.446875 0.938889 0.069792 0.052778
5 0.556250 0.940972 0.069792 0.056944
5 0.675000 0.940972 0.075000 0.054167
5 0.792708 0.941667 0.076042 0.050000
5 0.904167 0.943750 0.068750 0.051389
