4 0.104167 0.193056 0.081250 0.108333
2 0.210417 0.202083 0.104167 0.093056
4 0.325000 0.193750 0.087500 0.109722
4 0.438542 0.191667 0.085417 0.108333
4 0.552083 0.186111 0.085417 0.113889
4 0.673958 0.193056 0.087500 0.105556
4 0.782292 0.190278 0.081250 0.113889
5 0.901042 0.220833 0.069792 0.052778
4 0.092708 0.439583 0.079167 0.106944
4 0.212500 0.440278 0.084375 0.111111
4 0.446875 0.443056 0.085417 0.108333
4 0.561458 0.442361 0.081250 0.112500
4 0.678125 0.436806 0.079167 0.115278
4 0.780208 0.443750 0.085417 0.106944
0 0.897917 0.421528 0.065625 0.148611
0 0.100000 0.672222 0.060417 0.150000
0 0.209375 0.670139 0.064583 0.154167
0 0.322917 0.666667 0.065625 0.152778
0 0.447917 0.672917 0.063542 0.151389
0 0.556250 0.670139 0.066667 0.156944
0 0.678125 0.673611 0.063542 0.150000
2 0.790625 0.698611 0.103125 0.091667
0 0.897917 0.668750 0.062500 0.151389
4 0.104167 0.909722 0.086458 0.111111
4 0.323958 0.913194 0.083333 0.115278
3 0.436458 0.883333 0.069792 0.175000
4 0.560417 0.916667 0.087500 0.108333
4 0.667708 0.911111 0.081250 0.116667
4 0.784375 0.916667 0.079167 0.108333
4 0.907292 0.914583 0.080208 0.112500
