2 0.100000 0.197222 0.103125 0.091667
2 0.211458 0.197917 0.105208 0.101389
2 0.322917 0.193056 0.106250 0.100000
1 0.446875 0.159722 0.096875 0.166667
2 0.784375 0.200694 0.108333 0.093056
4 0.894792 0.187500 0.081250 0.111111
1 0.104167 0.411806 0.094792 0.168056
1 0.217708 0.413194 0.092708 0.162500
3 0.446875 0.406250 0.072917 0.181944
1 0.557292 0.413889 0.093750 0.161111
1 0.784375 0.413889 0.097917 0.169444
1 0.904167 0.418056 0.089583 0.161111
0 0.092708 0.668750 0.061458 0.151389
0 0.218750 0.675000 0.059375 0.147222
0 0.327083 0.673611 0.062500 0.147222
0 0.441667 0.665972 0.059375 0.156944
0 0.560417 0.672222 0.064583 0.147222
0 0.668750 0.672222 0.063542 0.147222
0 0.783333 0.674306 0.066667 0.148611
0 0.902083 0.672222 0.065625 0.150000
5 0.104167 0.944444 0.068750 0.050000
5 0.214583 0.939583 0.075000 0.059722
5 0.321875 0.942361 0.076042 0.051389
5 0.558333 0.943056 0.075000 0.055556
5 0.677083 0.939583 0.075000 0.051389
5 0.781250 0.937500 0.072917 0.061111
5 0.900000 0.943056 0.075000 0.055556
