0 0.092708 0.168056 0.063542 0.155556
5 0.213542 0.213889 0.077083 0.058333
0 0.330208 0.166667 0.061458 0.155556
0 0.439583 0.170833 0.060417 0.150000
0 0.563542 0.172222 0.063542 0.147222
0 0.673958 0.170139 0.060417 0.148611
0 0.788542 0.175000 0.065625 0.147222
0 0.894792 0.165278 0.062500 0.158333
0 0.098958 0.419444 0.061458 0.158333
0 0.215625 0.413889 0.063542 0.158333
0 0.333333 0.423611 0.065625 0.147222
0 0.443750 0.416667 0.065625 0.155556
0 0.560417 0.418750 0.064583 0.148611
0 0.672917 0.415278 0.064583 0.158333
0 0.785417 0.419444 0.058333 0.158333
0 0.906250 0.422222 0.063542 0.147222
3 0.092708 0.655556 0.076042 0.175000
3 0.211458 0.654167 0.073958 0.180556
3 0.323958 0.654167 0.073958 0.180556
3 0.444792 0.659028 0.071875 0.179167
5 0.559375 0.719444 0.073958 0.052778
3 0.675000 0.652778 0.070833 0.183333
3 0.788542 0.653472 0.069792 0.179167
3 0.898958 0.654167 0.076042 0.186111
4 0.095833 0.909722 0.083333 0.111111
4 0.214583 0.917361 0.080208 0.106944
4 0.326042 0.910417 0.084375 0.109722
2 0.441667 0.921528 0.107292 0.093056
4 0.558333 0.913889 0.082292 0.113889
4 0.667708 0.909722 0.079167 0.111111
4 0.781250 0.912500 0.085417 0.116667
