5 0.097917 0.215972 0.070833 0.059722
5 0.211458 0.220139 0.069792 0.056944
5 0.325000 0.219444 0.071875 0.055556
5 0.443750 0.213194 0.070833 0.059722
5 0.560417 0.214583 0.069792 0.059722
5 0.666667 0.216667 0.070833 0.061111
5 0.781250 0.222222 0.070833 0.052778
2 0.905208 0.199306 0.107292 0.095833
0 0.092708 0.418750 0.065625 0.156944
0 0.212500 0.416667 0.062500 0.152778
0 0.444792 0.421528 0.066667 0.151389
0 0.553125 0.425000 0.063542 0.147222
0 0.669792 0.419444 0.061458 0.147222
0 0.790625 0.416667 0.063542 0.152778
0 0.895833 0.420833 0.059375 0.147222
1 0.211458 0.664583 0.092708 0.165278
1 0.330208 0.665972 0.090625 0.165278
1 0.448958 0.665972 0.092708 0.162500
1 0.560417 0.656944 0.092708 0.172222
1 0.676042 0.663889 0.097917 0.166667
0 0.214583 0.891667 0.065625 0.147222
1 0.331250 0.881944 0.089583 0.172222
1 0.448958 0.889583 0.090625 0.162500
1 0.553125 0.885417 0.095833 0.170833
1 0.671875 0.884028 0.091667 0.170833
1 0.788542 0.883333 0.090625 0.172222
1 0.907292 0.884722 0.091667 0.169444
