5 0.093750 0.220139 0.069792 0.056944
5 0.213542 0.219444 0.077083 0.052778
5 0.332292 0.218750 0.073958 0.056944
2 0.436458 0.200694 0.100000 0.095833
5 0.555208 0.220833 0.073958 0.055556
5 0.673958 0.215278 0.072917 0.061111
5 0.786458 0.218056 0.072917 0.055556
3 0.097917 0.406250 0.073958 0.179167
3 0.214583 0.408333 0.070833 0.177778
3 0.326042 0.403472 0.076042 0.184722
3 0.444792 0.407639 0.070833 0.179167
3 0.558333 0.405556 0.068750 0.175000
3 0.672917 0.404167 0.072917 0.183333
3 0.895833 0.402083 0.075000 0.184722
2 0.100000 0.695833 0.107292 0.100000
2 0.323958 0.696528 0.102083 0.101389
2 0.447917 0.697917 0.105208 0.093056
2 0.556250 0.700000 0.100000 0.091667
2 0.670833 0.697917 0.105208 0.098611
2 0.785417 0.699306 0.103125 0.095833
5 0.101042 0.944444 0.069792 0.050000
4 0.448958 0.910417 0.087500 0.112500
4 0.552083 0.914583 0.079167 0.109722
4 0.670833 0.906944 0.087500 0.116667
4 0.781250 0.911806 0.082292 0.106944
