0 0.097917 0.168056 0.066667 0.152778
0 0.210417 0.170833 0.066667 0.150000
0 0.325000 0.169444 0.058333 0.147222
0 0.558333 0.165278 0.063542 0.155556
0 0.669792 0.165278 0.064583 0.155556
0 0.791667 0.170139 0.059375 0.148611
0 0.894792 0.170139 0.062500 0.156944
1 0.094792 0.411111 0.093750 0.172222
1 0.215625 0.413889 0.096875 0.161111
1 0.330208 0.411806 0.090625 0.170833
1 0.443750 0.409028 0.091667 0.168056
1 0.671875 0.413889 0.090625 0.163889
1 0.784375 0.412500 0.095833 0.161111
1 0.900000 0.410417 0.090625 0.170833
3 0.100000 0.656944 0.069792 0.177778
3 0.326042 0.654167 0.077083 0.177778
3 0.444792 0.657639 0.076042 0.181944
3 0.555208 0.653472 0.072917 0.181944
3 0.671875 0.657639 0.068750 0.181944
3 0.906250 0.655556 0.068750 0.175000
5 0.094792 0.936806 0.068750 0.059722
5 0.218750 0.939583 0.077083 0.056944
5 0.323958 0.941667 0.077083 0.052778
5 0.551042 0.940972 0.077083 0.056944
5 0.666667 0.945139 0.068750 0.051389
5 0.785417 0.940972 0.069792 0.051389
5 0.904167 0.941667 0.076042 0.050000
