0 0.093750 0.167361 0.058333 0.156944
0 0.216667 0.168750 0.059375 0.151389
0 0.438542 0.171528 0.063542 0.154167
0 0.677083 0.168750 0.066667 0.151389
0 0.900000 0.170139 0.066667 0.156944
1 0.101042 0.411806 0.095833 0.165278
1 0.552083 0.415278 0.097917 0.161111
1 0.668750 0.413194 0.093750 0.170833
3 0.780208 0.408333 0.073958 0.177778
1 0.901042 0.415278 0.090625 0.163889
2 0.095833 0.700694 0.106250 0.093056
2 0.214583 0.699306 0.106250 0.098611
2 0.326042 0.700694 0.101042 0.093056
2 0.553125 0.701389 0.107292 0.091667
0 0.678125 0.668750 0.066667 0.156944
2 0.788542 0.691667 0.105208 0.102778
2 0.902083 0.692361 0.106250 0.101389
5 0.098958 0.936806 0.070833 0.059722
5 0.217708 0.940278 0.076042 0.061111
5 0.326042 0.940278 0.068750 0.058333
0 0.441667 0.893750 0.060417 0.154167
5 0.676042 0.941667 0.073958 0.050000
5 0.781250 0.940278 0.069792 0.055556
5 0.901042 0.937500 0.075000 0.061111
