2 0.098958 0.196528 0.104167 0.101389
2 0.213542 0.193056 0.108333 0.102778
2 0.443750 0.197917 0.103125 0.095833
2 0.554167 0.197917 0.106250 0.098611
2 0.675000 0.197222 0.104167 0.091667
2 0.780208 0.193750 0.104167 0.101389
2 0.906250 0.195833 0.102083 0.100000
2 0.097917 0.450000 0.104167 0.097222
4 0.209375 0.439583 0.080208 0.106944
4 0.322917 0.440278 0.079167 0.105556
4 0.669792 0.441667 0.079167 0.111111
4 0.781250 0.437500 0.083333 0.113889
0 0.212500 0.666667 0.064583 0.152778
0 0.443750 0.672917 0.059375 0.148611
0 0.560417 0.675000 0.059375 0.147222
0 0.672917 0.669444 0.063542 0.150000
2 0.104167 0.919444 0.107292 0.097222
2 0.219792 0.919444 0.103125 0.091667
2 0.328125 0.919444 0.101042 0.091667
2 0.440625 0.920833 0.106250 0.097222
2 0.563542 0.920139 0.102083 0.095833
2 0.780208 0.915972 0.105208 0.101389
2 0.902083 0.920833 0.101042 0.097222
