0 0.105208 0.174306 0.060417 0.148611
0 0.208333 0.170139 0.059375 0.156944
0 0.330208 0.172222 0.059375 0.152778
0 0.447917 0.169444 0.060417 0.147222
0 0.554167 0.163889 0.063542 0.158333
0 0.671875 0.174306 0.066667 0.148611
0 0.792708 0.165972 0.064583 0.154167
0 0.901042 0.163889 0.059375 0.158333
3 0.097917 0.404167 0.068750 0.186111
3 0.217708 0.404861 0.077083 0.176389
3 0.330208 0.404861 0.075000 0.181944
3 0.443750 0.406944 0.076042 0.177778
3 0.554167 0.406944 0.068750 0.177778
3 0.667708 0.401389 0.075000 0.183333
3 0.780208 0.404167 0.076042 0.183333
3 0.904167 0.403472 0.075000 0.179167
0 0.102083 0.669444 0.066667 0.152778
0 0.210417 0.665278 0.063542 0.155556
0 0.330208 0.665278 0.065625 0.158333
0 0.444792 0.670139 0.058333 0.154167
0 0.561458 0.670833 0.059375 0.152778
0 0.673958 0.667361 0.063542 0.151389
0 0.788542 0.673611 0.058333 0.150000
0 0.102083 0.891667 0.065625 0.150000
0 0.207292 0.894444 0.058333 0.152778
0 0.321875 0.893056 0.060417 0.155556
0 0.444792 0.888889 0.061458 0.158333
0 0.562500 0.888889 0.066667 0.155556
0 0.673958 0.888194 0.064583 0.154167
0 0.788542 0.890278 0.059375 0.155556
0 0.901042 0.892361 0.059375 0.148611
