2 0.095833 0.199306 0.106250 0.095833
4 0.219792 0.190972 0.080208 0.112500
4 0.326042 0.190278 0.087500 0.111111
0 0.559375 0.171528 0.060417 0.154167
4 0.671875 0.186111 0.082292 0.116667
4 0.786458 0.191667 0.085417 0.108333
4 0.895833 0.190278 0.081250 0.116667
1 0.098958 0.412500 0.090625 0.161111
3 0.214583 0.406944 0.068750 0.177778
1 0.334375 0.411111 0.092708 0.169444
1 0.443750 0.417361 0.090625 0.162500
1 0.558333 0.414583 0.090625 0.162500
0 0.668750 0.422917 0.065625 0.148611
1 0.790625 0.416667 0.089583 0.163889
1 0.896875 0.418056 0.097917 0.161111
4 0.325000 0.689583 0.084375 0.106944
4 0.554167 0.685417 0.083333 0.115278
4 0.671875 0.686111 0.085417 0.116667
4 0.781250 0.691667 0.083333 0.113889
4 0.904167 0.688889 0.086458 0.113889
3 0.094792 0.872917 0.069792 0.184722
3 0.213542 0.874306 0.077083 0.181944
3 0.325000 0.879861 0.071875 0.176389
2 0.560417 0.917361 0.103125 0.101389
3 0.666667 0.881250 0.077083 0.179167
3 0.785417 0.875694 0.075000 0.181944
3 0.895833 0.881250 0.075000 0.176389
