5 0.098958 0.218750 0.075000 0.059722
5 0.216667 0.219444 0.070833 0.058333
1 0.323958 0.164583 0.092708 0.165278
5 0.446875 0.220833 0.068750 0.052778
5 0.559375 0.220139 0.072917 0.051389
5 0.678125 0.219444 0.075000 0.050000
5 0.788542 0.215278 0.068750 0.058333
5 0.907292 0.215278 0.069792 0.055556
3 0.218750 0.406944 0.071875 0.177778
3 0.331250 0.401389 0.068750 0.183333
3 0.437500 0.406250 0.076042 0.176389
3 0.559375 0.406250 0.070833 0.179167
3 0.672917 0.406944 0.070833 0.175000
3 0.783333 0.405556 0.077083 0.177778
5 0.219792 0.714583 0.076042 0.059722
5 0.330208 0.714583 0.075000 0.059722
5 0.445833 0.720833 0.070833 0.052778
5 0.556250 0.718056 0.077083 0.058333
5 0.673958 0.713889 0.068750 0.058333
5 0.791667 0.716667 0.069792 0.061111
5 0.894792 0.715972 0.069792 0.054167
5 0.102083 0.945139 0.072917 0.051389
5 0.217708 0.943056 0.071875 0.050000
5 0.325000 0.938889 0.072917 0.055556
5 0.447917 0.944444 0.068750 0.052778
5 0.561458 0.942361 0.075000 0.054167
5 0.676042 0.943750 0.073958 0.051389
5 0.787500 0.939583 0.068750 0.056944
5 0.906250 0.938889 0.070833 0.058333
