4 0.102083 0.195139 0.084375 0.106944
4 0.212500 0.187500 0.085417 0.113889
4 0.333333 0.190278 0.083333 0.116667
4 0.678125 0.193056 0.083333 0.111111
4 0.787500 0.189583 0.081250 0.112500
4 0.896875 0.190972 0.081250 0.106944
3 0.101042 0.410417 0.069792 0.176389
3 0.209375 0.404861 0.077083 0.179167
2 0.329167 0.447917 0.105208 0.093056
5 0.440625 0.468750 0.069792 0.054167
3 0.668750 0.409722 0.069792 0.177778
3 0.783333 0.406250 0.073958 0.179167
3 0.904167 0.409722 0.077083 0.175000
5 0.100000 0.718056 0.068750 0.061111
5 0.210417 0.717361 0.070833 0.059722
5 0.333333 0.713889 0.071875 0.061111
5 0.563542 0.715278 0.076042 0.061111
5 0.672917 0.719444 0.073958 0.050000
3 0.791667 0.655556 0.071875 0.177778
5 0.897917 0.713889 0.072917 0.058333
5 0.100000 0.938194 0.069792 0.059722
5 0.208333 0.940278 0.073958 0.061111
5 0.329167 0.943056 0.072917 0.050000
5 0.445833 0.940972 0.075000 0.056944
5 0.563542 0.944444 0.073958 0.050000
5 0.672917 0.937500 0.075000 0.058333
5 0.896875 0.944444 0.076042 0.050000
