1 0.103125 0.161806 0.096875 0.165278
1 0.213542 0.162500 0.095833 0.166667
1 0.330208 0.163194 0.096875 0.170833
1 0.443750 0.164583 0.096875 0.168056
1 0.557292 0.159722 0.096875 0.166667
1 0.665625 0.167361 0.094792 0.162500
1 0.786458 0.162500 0.095833 0.172222
0 0.103125 0.420833 0.063542 0.147222
1 0.213542 0.410417 0.089583 0.170833
0 0.329167 0.420139 0.062500 0.154167
0 0.440625 0.419444 0.058333 0.158333
0 0.559375 0.419444 0.066667 0.155556
0 0.671875 0.415972 0.064583 0.156944
0 0.791667 0.418056 0.059375 0.152778
0 0.903125 0.422222 0.061458 0.152778
1 0.105208 0.659722 0.089583 0.172222
1 0.332292 0.665972 0.093750 0.162500
1 0.447917 0.659028 0.092708 0.170833
1 0.555208 0.665972 0.093750 0.162500
1 0.666667 0.665278 0.095833 0.163889
1 0.780208 0.661806 0.091667 0.162500
1 0.906250 0.664583 0.091667 0.162500
0 0.093750 0.890972 0.064583 0.151389
0 0.208333 0.893056 0.062500 0.155556
0 0.326042 0.893750 0.065625 0.148611
0 0.442708 0.887500 0.064583 0.158333
0 0.561458 0.895139 0.065625 0.148611
0 0.672917 0.895139 0.061458 0.148611
1 0.792708 0.881944 0.096875 0.169444
0 0.894792 0.889583 0.062500 0.151389
