3 0.095833 0.161111 0.075000 0.175000
3 0.211458 0.155556 0.070833 0.183333
3 0.328125 0.150000 0.069792 0.186111
5 0.444792 0.217361 0.068750 0.059722
3 0.676042 0.156944 0.071875 0.180556
3 0.907292 0.154167 0.072917 0.183333
3 0.098958 0.402083 0.072917 0.184722
5 0.218750 0.468750 0.077083 0.054167
5 0.443750 0.468056 0.076042 0.050000
5 0.555208 0.465278 0.069792 0.055556
5 0.668750 0.463194 0.075000 0.059722
5 0.789583 0.463194 0.070833 0.059722
4 0.901042 0.442361 0.087500 0.112500
4 0.092708 0.691667 0.080208 0.105556
4 0.211458 0.686806 0.080208 0.115278
4 0.327083 0.693750 0.080208 0.106944
4 0.439583 0.690972 0.087500 0.112500
4 0.553125 0.687500 0.085417 0.116667
4 0.666667 0.686806 0.081250 0.115278
4 0.788542 0.693056 0.084375 0.105556
5 0.215625 0.936111 0.070833 0.061111
5 0.326042 0.938194 0.068750 0.056944
5 0.439583 0.938889 0.073958 0.055556
5 0.559375 0.935417 0.068750 0.059722
5 0.677083 0.945833 0.072917 0.050000
5 0.789583 0.937500 0.071875 0.058333
5 0.907292 0.938194 0.069792 0.056944
