5 0.212500 0.221528 0.069792 0.051389
5 0.328125 0.215972 0.073958 0.059722
3 0.445833 0.161111 0.077083 0.175000
5 0.557292 0.218056 0.071875 0.055556
5 0.676042 0.218750 0.068750 0.054167
5 0.783333 0.219444 0.077083 0.052778
5 0.900000 0.220139 0.073958 0.051389
3 0.096875 0.405556 0.071875 0.177778
3 0.332292 0.404167 0.070833 0.186111
3 0.436458 0.402083 0.071875 0.184722
3 0.559375 0.401389 0.070833 0.183333
3 0.678125 0.406250 0.072917 0.176389
3 0.783333 0.407639 0.070833 0.181944
3 0.903125 0.410417 0.072917 0.176389
4 0.105208 0.687500 0.080208 0.111111
1 0.213542 0.665278 0.097917 0.163889
3 0.327083 0.655556 0.077083 0.183333
4 0.439583 0.690972 0.081250 0.106944
4 0.556250 0.688889 0.085417 0.116667
5 0.667708 0.713889 0.077083 0.061111
4 0.789583 0.687500 0.081250 0.116667
1 0.903125 0.665278 0.092708 0.161111
3 0.105208 0.872222 0.070833 0.186111
2 0.216667 0.916667 0.107292 0.097222
3 0.325000 0.877778 0.071875 0.175000
3 0.448958 0.877778 0.075000 0.177778
3 0.559375 0.880556 0.072917 0.175000
3 0.676042 0.877083 0.069792 0.176389
5 0.791667 0.940278 0.075000 0.050000
3 0.898958 0.878472 0.069792 0.184722
