3 0.094792 0.158333 0.072917 0.177778
3 0.210417 0.154167 0.072917 0.180556
3 0.326042 0.156250 0.073958 0.184722
3 0.436458 0.154861 0.076042 0.179167
3 0.563542 0.154167 0.068750 0.186111
3 0.678125 0.158333 0.070833 0.175000
3 0.904167 0.155556 0.076042 0.180556
0 0.092708 0.420833 0.059375 0.152778
0 0.219792 0.420139 0.065625 0.154167
0 0.327083 0.420833 0.058333 0.152778
0 0.440625 0.420139 0.064583 0.154167
0 0.560417 0.417361 0.066667 0.154167
0 0.782292 0.419444 0.066667 0.147222
0 0.897917 0.417361 0.060417 0.151389
4 0.218750 0.685417 0.087500 0.115278
4 0.329167 0.686806 0.079167 0.115278
4 0.445833 0.690972 0.082292 0.112500
4 0.556250 0.690278 0.087500 0.105556
4 0.670833 0.690278 0.086458 0.113889
4 0.897917 0.694444 0.082292 0.105556
5 0.096875 0.944444 0.071875 0.052778
5 0.325000 0.938889 0.071875 0.061111
5 0.441667 0.934722 0.070833 0.061111
5 0.559375 0.937500 0.073958 0.061111
5 0.786458 0.943750 0.075000 0.054167
5 0.902083 0.939583 0.073958 0.051389
