4 0.094792 0.191667 0.079167 0.113889
4 0.213542 0.194444 0.084375 0.108333
4 0.444792 0.187500 0.080208 0.113889
4 0.559375 0.194444 0.082292 0.105556
4 0.665625 0.188889 0.079167 0.108333
0 0.787500 0.169444 0.060417 0.152778
4 0.895833 0.190278 0.087500 0.108333
4 0.209375 0.444444 0.082292 0.108333
4 0.332292 0.437500 0.082292 0.116667
4 0.441667 0.443056 0.085417 0.111111
4 0.678125 0.441667 0.081250 0.111111
4 0.785417 0.438194 0.082292 0.115278
4 0.902083 0.437500 0.082292 0.116667
4 0.093750 0.692361 0.079167 0.109722
5 0.211458 0.719444 0.077083 0.050000
5 0.326042 0.713889 0.075000 0.058333
4 0.441667 0.689583 0.082292 0.109722
5 0.561458 0.723611 0.075000 0.050000
5 0.668750 0.715278 0.075000 0.058333
5 0.781250 0.715972 0.070833 0.054167
5 0.902083 0.717361 0.072917 0.056944
4 0.093750 0.912500 0.079167 0.116667
4 0.209375 0.913194 0.082292 0.112500
4 0.437500 0.911111 0.081250 0.111111
4 0.552083 0.907639 0.085417 0.115278
2 0.670833 0.921528 0.102083 0.095833
3 0.900000 0.874306 0.069792 0.184722
