5 0.217708 0.214583 0.071875 0.056944
5 0.442708 0.220139 0.076042 0.054167
5 0.669792 0.218056 0.068750 0.052778
5 0.901042 0.219444 0.071875 0.050000
4 0.096875 0.440278 0.080208 0.111111
2 0.218750 0.448611 0.100000 0.094444
2 0.333333 0.443750 0.106250 0.098611
2 0.436458 0.450000 0.106250 0.097222
2 0.554167 0.450694 0.108333 0.093056
2 0.676042 0.452083 0.105208 0.093056
0 0.785417 0.421528 0.058333 0.151389
2 0.905208 0.448611 0.102083 0.091667
5 0.105208 0.718056 0.075000 0.052778
5 0.208333 0.722917 0.072917 0.051389
5 0.326042 0.716667 0.072917 0.052778
5 0.439583 0.718750 0.075000 0.054167
5 0.552083 0.720139 0.076042 0.056944
5 0.667708 0.718056 0.073958 0.055556
5 0.785417 0.715278 0.070833 0.061111
5 0.896875 0.720139 0.068750 0.056944
3 0.105208 0.879167 0.071875 0.183333
3 0.212500 0.873611 0.076042 0.183333
3 0.334375 0.883333 0.068750 0.175000
3 0.440625 0.880556 0.071875 0.180556
3 0.558333 0.875000 0.077083 0.180556
3 0.675000 0.873611 0.068750 0.183333
1 0.792708 0.886111 0.097917 0.166667
3 0.894792 0.877083 0.075000 0.181944
