5 0.102083 0.214583 0.070833 0.056944
5 0.218750 0.220139 0.070833 0.051389
5 0.331250 0.222222 0.069792 0.052778
5 0.446875 0.215972 0.069792 0.054167
5 0.558333 0.213194 0.068750 0.059722
5 0.787500 0.218056 0.071875 0.061111
5 0.906250 0.217361 0.071875 0.056944
4 0.092708 0.441667 0.082292 0.105556
4 0.219792 0.435417 0.084375 0.115278
4 0.443750 0.440972 0.079167 0.115278
4 0.557292 0.440278 0.083333 0.111111
4 0.667708 0.444444 0.079167 0.105556
4 0.787500 0.436806 0.086458 0.112500
4 0.905208 0.443750 0.081250 0.106944
4 0.103125 0.692361 0.079167 0.106944
4 0.219792 0.686806 0.081250 0.115278
4 0.334375 0.689583 0.087500 0.109722
4 0.438542 0.694444 0.080208 0.108333
4 0.665625 0.690972 0.079167 0.106944
4 0.904167 0.693056 0.079167 0.105556
3 0.101042 0.877778 0.069792 0.177778
0 0.207292 0.888194 0.064583 0.156944
3 0.333333 0.879167 0.071875 0.180556
3 0.447917 0.879167 0.076042 0.180556
3 0.559375 0.874306 0.069792 0.184722
0 0.676042 0.888889 0.064583 0.158333
3 0.790625 0.878472 0.072917 0.181944
3 0.895833 0.877083 0.071875 0.176389
