2 0.105208 0.196528 0.108333 0.098611
2 0.334375 0.196528 0.104167 0.095833
2 0.448958 0.201389 0.106250 0.091667
2 0.557292 0.201389 0.107292 0.091667
2 0.666667 0.198611 0.105208 0.094444
2 0.780208 0.200694 0.106250 0.093056
2 0.907292 0.195833 0.108333 0.097222
4 0.101042 0.440278 0.081250 0.111111
4 0.321875 0.442361 0.085417 0.106944
4 0.557292 0.437500 0.084375 0.116667
4 0.669792 0.443750 0.084375 0.109722
4 0.786458 0.438194 0.083333 0.115278
4 0.900000 0.443750 0.085417 0.106944
2 0.101042 0.695833 0.101042 0.094444
2 0.215625 0.692361 0.105208 0.101389
2 0.323958 0.693750 0.100000 0.101389
2 0.442708 0.698611 0.105208 0.097222
2 0.554167 0.692361 0.100000 0.101389
2 0.676042 0.693056 0.107292 0.102778
2 0.907292 0.698611 0.108333 0.091667
2 0.098958 0.918056 0.107292 0.094444
2 0.213542 0.915278 0.106250 0.102778
2 0.328125 0.918750 0.100000 0.101389
2 0.443750 0.918056 0.103125 0.094444
2 0.557292 0.915972 0.106250 0.101389
2 0.675000 0.914583 0.108333 0.101389
2 0.782292 0.917361 0.106250 0.095833
2 0.904167 0.915278 0.100000 0.102778
