5 0.102083 0.216667 0.068750 0.058333
5 0.215625 0.219444 0.068750 0.058333
5 0.334375 0.216667 0.070833 0.058333
5 0.436458 0.218056 0.070833 0.055556
5 0.560417 0.218750 0.071875 0.056944
5 0.673958 0.222222 0.070833 0.050000
5 0.787500 0.216667 0.071875 0.052778
5 0.904167 0.222917 0.077083 0.051389
4 0.104167 0.438194 0.080208 0.115278
3 0.438542 0.408333 0.073958 0.177778
3 0.559375 0.404167 0.071875 0.177778
3 0.668750 0.404861 0.071875 0.176389
3 0.790625 0.404861 0.070833 0.184722
3 0.895833 0.402083 0.075000 0.181944
3 0.098958 0.656250 0.073958 0.176389
3 0.218750 0.651389 0.072917 0.186111
3 0.439583 0.657639 0.072917 0.176389
3 0.561458 0.656944 0.072917 0.183333
3 0.669792 0.654861 0.075000 0.181944
3 0.789583 0.659028 0.076042 0.179167
3 0.902083 0.654167 0.077083 0.186111
0 0.105208 0.893056 0.061458 0.152778
0 0.218750 0.888889 0.064583 0.155556
0 0.326042 0.889583 0.059375 0.151389
0 0.437500 0.888889 0.061458 0.152778
0 0.557292 0.890278 0.065625 0.155556
0 0.675000 0.890972 0.058333 0.151389
0 0.781250 0.888889 0.062500 0.152778
0 0.896875 0.886111 0.059375 0.158333
