5 0.095833 0.218056 0.071875 0.058333
5 0.217708 0.216667 0.077083 0.061111
5 0.326042 0.219444 0.077083 0.055556
5 0.448958 0.216667 0.071875 0.055556
5 0.553125 0.219444 0.070833 0.055556
5 0.669792 0.215278 0.075000 0.055556
5 0.789583 0.217361 0.070833 0.059722
5 0.905208 0.222917 0.077083 0.051389
2 0.100000 0.441667 0.106250 0.102778
2 0.208333 0.447917 0.105208 0.095833
2 0.323958 0.451389 0.104167 0.091667
2 0.442708 0.448611 0.106250 0.100000
2 0.561458 0.446528 0.102083 0.095833
2 0.672917 0.446528 0.100000 0.095833
3 0.788542 0.407639 0.069792 0.179167
2 0.898958 0.450000 0.103125 0.091667
5 0.101042 0.717361 0.073958 0.059722
5 0.217708 0.718056 0.070833 0.058333
5 0.323958 0.720139 0.075000 0.054167
5 0.553125 0.715278 0.072917 0.055556
5 0.791667 0.713194 0.072917 0.059722
4 0.900000 0.684722 0.080208 0.116667
5 0.207292 0.942361 0.077083 0.056944
5 0.328125 0.939583 0.077083 0.059722
5 0.438542 0.938889 0.068750 0.055556
5 0.780208 0.935417 0.069792 0.059722
5 0.905208 0.938194 0.073958 0.059722
