4 0.094792 0.188889 0.085417 0.116667
4 0.209375 0.193056 0.083333 0.108333
4 0.334375 0.189583 0.083333 0.112500
4 0.448958 0.189583 0.085417 0.115278
4 0.559375 0.193056 0.083333 0.105556
4 0.668750 0.186111 0.085417 0.113889
4 0.785417 0.195833 0.085417 0.105556
4 0.906250 0.195833 0.084375 0.105556
1 0.094792 0.414583 0.094792 0.165278
1 0.214583 0.409028 0.092708 0.170833
1 0.323958 0.410417 0.090625 0.168056
1 0.443750 0.411111 0.095833 0.172222
1 0.558333 0.416667 0.097917 0.161111
1 0.671875 0.414583 0.089583 0.168056
1 0.900000 0.415278 0.090625 0.163889
5 0.104167 0.717361 0.069792 0.059722
3 0.216667 0.655556 0.076042 0.180556
2 0.326042 0.695833 0.105208 0.097222
3 0.438542 0.659722 0.070833 0.177778
1 0.560417 0.661111 0.093750 0.163889
3 0.675000 0.652083 0.075000 0.184722
3 0.788542 0.658333 0.076042 0.177778
0 0.096875 0.895833 0.061458 0.150000
0 0.210417 0.887500 0.058333 0.158333
0 0.326042 0.896528 0.066667 0.148611
4 0.439583 0.913194 0.087500 0.109722
0 0.559375 0.891667 0.058333 0.152778
0 0.668750 0.893056 0.062500 0.147222
5 0.902083 0.938194 0.069792 0.054167
