1 0.210417 0.162500 0.097917 0.161111
1 0.331250 0.164583 0.095833 0.162500
1 0.437500 0.165278 0.093750 0.166667
1 0.666667 0.161806 0.092708 0.168056
1 0.784375 0.162500 0.094792 0.172222
1 0.894792 0.165278 0.095833 0.163889
4 0.092708 0.436806 0.082292 0.115278
4 0.209375 0.442361 0.083333 0.109722
4 0.322917 0.439583 0.084375 0.112500
4 0.445833 0.440278 0.081250 0.105556
4 0.561458 0.440278 0.079167 0.105556
4 0.669792 0.438194 0.087500 0.109722
4 0.788542 0.443750 0.086458 0.106944
4 0.907292 0.440278 0.084375 0.116667
2 0.102083 0.699306 0.104167 0.095833
2 0.207292 0.697917 0.108333 0.095833
2 0.323958 0.695139 0.103125 0.095833
2 0.448958 0.693056 0.106250 0.102778
2 0.552083 0.702083 0.106250 0.093056
2 0.788542 0.697917 0.102083 0.101389
2 0.905208 0.694444 0.101042 0.102778
4 0.211458 0.914583 0.085417 0.109722
3 0.321875 0.882639 0.076042 0.176389
4 0.438542 0.913889 0.079167 0.105556
4 0.558333 0.907639 0.079167 0.115278
2 0.677083 0.915972 0.103125 0.098611
4 0.792708 0.912500 0.086458 0.108333
4 0.905208 0.914583 0.087500 0.112500
