1 0.105208 0.167361 0.090625 0.162500
1 0.207292 0.160417 0.097917 0.168056
1 0.330208 0.163194 0.091667 0.168056
1 0.563542 0.160417 0.090625 0.168056
1 0.665625 0.161806 0.095833 0.170833
3 0.904167 0.157639 0.069792 0.176389
4 0.096875 0.438194 0.080208 0.109722
4 0.214583 0.443750 0.079167 0.109722
4 0.440625 0.443056 0.079167 0.105556
4 0.555208 0.443056 0.085417 0.108333
4 0.667708 0.440972 0.086458 0.109722
4 0.791667 0.438194 0.079167 0.112500
3 0.100000 0.657639 0.068750 0.181944
3 0.208333 0.655556 0.068750 0.186111
3 0.334375 0.650000 0.076042 0.186111
2 0.446875 0.700000 0.104167 0.091667
3 0.560417 0.656944 0.072917 0.175000
3 0.665625 0.655556 0.071875 0.175000
5 0.786458 0.722222 0.077083 0.050000
3 0.900000 0.654167 0.072917 0.183333
2 0.212500 0.919444 0.106250 0.097222
0 0.327083 0.888194 0.066667 0.156944
0 0.442708 0.893056 0.060417 0.152778
1 0.562500 0.888889 0.097917 0.161111
0 0.670833 0.888889 0.059375 0.155556
0 0.784375 0.893056 0.063542 0.147222
0 0.898958 0.886806 0.059375 0.156944
