4 0.092708 0.184722 0.085417 0.116667
5 0.216667 0.215278 0.069792 0.055556
5 0.446875 0.215278 0.076042 0.058333
5 0.558333 0.217361 0.077083 0.059722
5 0.673958 0.215278 0.070833 0.058333
5 0.786458 0.215278 0.075000 0.055556
5 0.906250 0.219444 0.073958 0.058333
0 0.097917 0.421528 0.059375 0.151389
0 0.207292 0.415972 0.060417 0.154167
0 0.332292 0.419444 0.066667 0.155556
0 0.787500 0.420833 0.065625 0.152778
0 0.900000 0.421528 0.066667 0.151389
2 0.446875 0.698611 0.104167 0.100000
2 0.560417 0.698611 0.101042 0.100000
5 0.678125 0.721528 0.069792 0.054167
2 0.900000 0.693750 0.108333 0.101389
1 0.105208 0.887500 0.091667 0.166667
1 0.213542 0.888889 0.097917 0.163889
1 0.445833 0.884722 0.091667 0.163889
1 0.560417 0.885417 0.089583 0.165278
1 0.678125 0.885417 0.096875 0.170833
1 0.784375 0.885417 0.093750 0.165278
1 0.902083 0.884028 0.090625 0.168056
