4 0.092708 0.185417 0.086458 0.115278
4 0.216667 0.186111 0.083333 0.116667
4 0.326042 0.188889 0.080208 0.116667
4 0.445833 0.185417 0.086458 0.115278
5 0.553125 0.217361 0.072917 0.054167
4 0.672917 0.193750 0.084375 0.106944
4 0.782292 0.195833 0.082292 0.105556
4 0.216667 0.441667 0.087500 0.113889
4 0.323958 0.436806 0.086458 0.115278
4 0.443750 0.442361 0.081250 0.112500
4 0.559375 0.438889 0.082292 0.116667
4 0.673958 0.434722 0.079167 0.116667
4 0.788542 0.440278 0.079167 0.113889
4 0.900000 0.441667 0.086458 0.113889
1 0.102083 0.665278 0.090625 0.166667
4 0.321875 0.688889 0.080208 0.116667
1 0.444792 0.663889 0.093750 0.166667
1 0.559375 0.663889 0.092708 0.169444
1 0.678125 0.663194 0.093750 0.168056
1 0.783333 0.667361 0.091667 0.162500
1 0.901042 0.661111 0.089583 0.163889
1 0.102083 0.884028 0.094792 0.162500
4 0.217708 0.915278 0.079167 0.108333
4 0.325000 0.909722 0.087500 0.111111
4 0.446875 0.910417 0.084375 0.109722
4 0.560417 0.909722 0.085417 0.113889
4 0.670833 0.911806 0.087500 0.112500
4 0.786458 0.916667 0.083333 0.108333
4 0.898958 0.912500 0.080208 0.116667
