5 0.098958 0.218056 0.077083 0.052778
0 0.332292 0.174306 0.066667 0.148611
5 0.438542 0.216667 0.073958 0.055556
5 0.563542 0.217361 0.075000 0.051389
5 0.670833 0.218056 0.069792 0.061111
5 0.792708 0.218750 0.070833 0.056944
5 0.904167 0.214583 0.075000 0.059722
5 0.092708 0.468056 0.075000 0.055556
5 0.211458 0.465278 0.076042 0.061111
5 0.334375 0.466667 0.072917 0.058333
5 0.437500 0.470833 0.070833 0.050000
5 0.558333 0.470833 0.077083 0.052778
5 0.677083 0.469444 0.068750 0.058333
3 0.783333 0.401389 0.070833 0.186111
5 0.901042 0.464583 0.075000 0.059722
5 0.096875 0.719444 0.069792 0.055556
5 0.321875 0.716667 0.072917 0.061111
5 0.556250 0.719444 0.069792 0.050000
4 0.781250 0.690278 0.081250 0.113889
5 0.901042 0.715972 0.072917 0.056944
3 0.104167 0.878472 0.070833 0.181944
3 0.321875 0.875694 0.075000 0.181944
3 0.563542 0.878472 0.070833 0.181944
