4 0.101042 0.190972 0.082292 0.112500
4 0.210417 0.190278 0.081250 0.111111
4 0.322917 0.191667 0.087500 0.108333
4 0.439583 0.190972 0.086458 0.112500
4 0.555208 0.189583 0.083333 0.106944
4 0.788542 0.190972 0.086458 0.115278
4 0.904167 0.185417 0.085417 0.115278
2 0.208333 0.450000 0.100000 0.091667
2 0.321875 0.450694 0.106250 0.095833
2 0.442708 0.445833 0.104167 0.097222
2 0.553125 0.445139 0.105208 0.095833
2 0.673958 0.450694 0.106250 0.095833
2 0.781250 0.442361 0.104167 0.101389
2 0.898958 0.445139 0.102083 0.095833
3 0.095833 0.652083 0.075000 0.184722
3 0.207292 0.656944 0.075000 0.183333
3 0.321875 0.656250 0.073958 0.181944
3 0.438542 0.655556 0.069792 0.183333
3 0.557292 0.659028 0.072917 0.179167
3 0.671875 0.661111 0.076042 0.175000
3 0.901042 0.657639 0.075000 0.176389
2 0.095833 0.923611 0.102083 0.094444
2 0.219792 0.920833 0.105208 0.091667
2 0.330208 0.921528 0.104167 0.093056
2 0.557292 0.920139 0.102083 0.095833
0 0.673958 0.893056 0.060417 0.152778
2 0.907292 0.918750 0.101042 0.093056
