3 0.102083 0.157639 0.073958 0.179167
3 0.332292 0.156944 0.071875 0.177778
3 0.446875 0.152083 0.070833 0.181944
1 0.676042 0.163889 0.094792 0.161111
3 0.787500 0.159722 0.072917 0.177778
3 0.904167 0.153472 0.069792 0.184722
2 0.100000 0.449306 0.105208 0.098611
2 0.217708 0.445833 0.107292 0.097222
2 0.323958 0.448611 0.104167 0.091667
2 0.447917 0.444444 0.106250 0.097222
2 0.552083 0.447917 0.105208 0.093056
2 0.665625 0.445139 0.100000 0.098611
2 0.896875 0.449306 0.105208 0.098611
3 0.097917 0.656250 0.071875 0.179167
3 0.210417 0.655556 0.076042 0.186111
3 0.323958 0.659722 0.068750 0.175000
1 0.442708 0.662500 0.093750 0.172222
2 0.552083 0.695139 0.107292 0.095833
3 0.672917 0.651389 0.069792 0.186111
3 0.897917 0.650694 0.076042 0.184722
2 0.092708 0.917361 0.108333 0.098611
2 0.216667 0.919444 0.100000 0.091667
2 0.444792 0.924306 0.102083 0.093056
2 0.563542 0.915278 0.105208 0.100000
2 0.785417 0.914583 0.108333 0.101389
1 0.903125 0.890278 0.092708 0.161111
