2 0.321875 0.196528 0.106250 0.095833
2 0.439583 0.197222 0.108333 0.091667
2 0.562500 0.197917 0.101042 0.095833
2 0.673958 0.197917 0.104167 0.101389
2 0.787500 0.197222 0.101042 0.102778
2 0.907292 0.196528 0.102083 0.095833
5 0.096875 0.464583 0.076042 0.056944
5 0.334375 0.470833 0.072917 0.050000
5 0.442708 0.471528 0.069792 0.054167
5 0.555208 0.467361 0.072917 0.051389
5 0.672917 0.466667 0.077083 0.058333
5 0.902083 0.470139 0.072917 0.056944
2 0.098958 0.701389 0.103125 0.094444
2 0.323958 0.697917 0.107292 0.093056
2 0.445833 0.694444 0.103125 0.100000
2 0.554167 0.696528 0.108333 0.098611
2 0.673958 0.700694 0.105208 0.095833
1 0.788542 0.665278 0.096875 0.166667
2 0.901042 0.697917 0.103125 0.101389
0 0.215625 0.890972 0.061458 0.148611
0 0.334375 0.894444 0.063542 0.147222
0 0.441667 0.893750 0.058333 0.151389
5 0.551042 0.945833 0.073958 0.050000
0 0.672917 0.890972 0.063542 0.151389
0 0.789583 0.891667 0.058333 0.158333
0 0.907292 0.890972 0.061458 0.148611
