1 0.105208 0.157639 0.097917 0.170833
1 0.214583 0.163194 0.093750 0.162500
1 0.322917 0.164583 0.097917 0.162500
1 0.669792 0.161111 0.089583 0.172222
1 0.780208 0.165278 0.093750 0.161111
1 0.900000 0.160417 0.090625 0.165278
5 0.219792 0.468750 0.071875 0.056944
5 0.326042 0.463889 0.068750 0.058333
5 0.439583 0.462500 0.076042 0.061111
2 0.562500 0.447222 0.101042 0.097222
5 0.678125 0.462500 0.070833 0.061111
5 0.788542 0.466667 0.072917 0.052778
5 0.901042 0.469444 0.071875 0.050000
1 0.102083 0.656944 0.096875 0.172222
5 0.210417 0.719444 0.076042 0.055556
5 0.334375 0.715972 0.073958 0.059722
5 0.445833 0.718056 0.068750 0.058333
5 0.551042 0.718056 0.077083 0.058333
5 0.678125 0.715972 0.071875 0.059722
5 0.901042 0.721528 0.069792 0.054167
2 0.218750 0.918750 0.103125 0.101389
0 0.327083 0.890278 0.065625 0.150000
0 0.439583 0.893056 0.062500 0.150000
0 0.552083 0.891667 0.060417 0.152778
0 0.672917 0.890972 0.063542 0.154167
0 0.782292 0.894444 0.064583 0.147222
