2 0.103125 0.197917 0.105208 0.101389
1 0.208333 0.167361 0.091667 0.162500
2 0.329167 0.200000 0.108333 0.091667
2 0.439583 0.198611 0.102083 0.091667
2 0.557292 0.197917 0.105208 0.098611
1 0.676042 0.163194 0.096875 0.170833
2 0.782292 0.197917 0.107292 0.095833
2 0.894792 0.195139 0.100000 0.098611
2 0.218750 0.448611 0.103125 0.100000
1 0.332292 0.411806 0.093750 0.168056
2 0.440625 0.445833 0.103125 0.097222
2 0.554167 0.446528 0.102083 0.093056
2 0.673958 0.447222 0.104167 0.097222
2 0.786458 0.445833 0.104167 0.097222
2 0.898958 0.447222 0.107292 0.094444
4 0.095833 0.691667 0.083333 0.111111
3 0.219792 0.658333 0.073958 0.180556
3 0.327083 0.654167 0.073958 0.183333
3 0.439583 0.654861 0.072917 0.176389
3 0.675000 0.652778 0.069792 0.183333
3 0.790625 0.654167 0.072917 0.183333
3 0.894792 0.652778 0.075000 0.183333
5 0.216667 0.944444 0.071875 0.050000
5 0.329167 0.942361 0.077083 0.056944
5 0.442708 0.941667 0.072917 0.052778
3 0.560417 0.877778 0.073958 0.180556
5 0.676042 0.936806 0.069792 0.056944
5 0.790625 0.942361 0.077083 0.056944
