3 0.101042 0.161111 0.075000 0.175000
3 0.448958 0.154861 0.072917 0.181944
3 0.555208 0.155556 0.068750 0.183333
3 0.665625 0.156944 0.071875 0.175000
5 0.780208 0.212500 0.073958 0.061111
2 0.218750 0.445833 0.106250 0.097222
2 0.446875 0.442361 0.106250 0.101389
2 0.563542 0.447917 0.104167 0.098611
2 0.668750 0.443056 0.105208 0.102778
1 0.097917 0.663194 0.096875 0.162500
1 0.215625 0.661111 0.096875 0.163889
1 0.334375 0.664583 0.097917 0.165278
1 0.443750 0.661111 0.090625 0.163889
1 0.561458 0.663194 0.089583 0.170833
1 0.786458 0.666667 0.092708 0.163889
3 0.096875 0.877083 0.075000 0.179167
2 0.217708 0.918750 0.106250 0.093056
2 0.444792 0.918750 0.103125 0.093056
2 0.554167 0.915972 0.104167 0.101389
2 0.667708 0.924306 0.100000 0.093056
2 0.785417 0.922222 0.102083 0.094444
2 0.905208 0.918056 0.101042 0.094444
