2 0.208333 0.197222 0.102083 0.100000
5 0.323958 0.215972 0.068750 0.059722
2 0.439583 0.202083 0.103125 0.093056
2 0.558333 0.199306 0.106250 0.095833
2 0.672917 0.201389 0.104167 0.094444
2 0.782292 0.202083 0.106250 0.093056
2 0.902083 0.197917 0.108333 0.101389
0 0.104167 0.420833 0.058333 0.155556
0 0.207292 0.422222 0.058333 0.152778
0 0.444792 0.416667 0.066667 0.152778
3 0.560417 0.402778 0.073958 0.183333
0 0.792708 0.417361 0.059375 0.154167
0 0.907292 0.418750 0.062500 0.156944
4 0.103125 0.690278 0.079167 0.108333
2 0.208333 0.693056 0.103125 0.102778
4 0.326042 0.688194 0.082292 0.112500
2 0.439583 0.698611 0.108333 0.100000
4 0.551042 0.693056 0.084375 0.105556
4 0.670833 0.695833 0.085417 0.105556
4 0.781250 0.687500 0.082292 0.116667
4 0.896875 0.690278 0.086458 0.105556
5 0.101042 0.944444 0.068750 0.052778
5 0.213542 0.942361 0.075000 0.056944
5 0.446875 0.943056 0.073958 0.055556
1 0.554167 0.886806 0.097917 0.165278
5 0.665625 0.939583 0.072917 0.054167
5 0.792708 0.940972 0.072917 0.056944
5 0.905208 0.934722 0.075000 0.061111
