3 0.092708 0.151389 0.068750 0.186111
3 0.208333 0.158333 0.075000 0.180556
5 0.328125 0.215972 0.071875 0.059722
3 0.436458 0.151389 0.070833 0.186111
3 0.551042 0.161111 0.075000 0.175000
3 0.780208 0.150000 0.077083 0.186111
3 0.903125 0.158333 0.077083 0.177778
5 0.092708 0.470139 0.068750 0.054167
5 0.325000 0.472222 0.070833 0.052778
5 0.447917 0.464583 0.069792 0.056944
5 0.675000 0.468056 0.076042 0.052778
5 0.789583 0.466667 0.071875 0.055556
5 0.905208 0.465972 0.077083 0.059722
0 0.097917 0.670139 0.061458 0.151389
0 0.211458 0.671528 0.066667 0.151389
4 0.327083 0.692361 0.079167 0.112500
0 0.562500 0.672222 0.059375 0.152778
0 0.667708 0.673611 0.060417 0.147222
0 0.792708 0.668750 0.066667 0.148611
0 0.898958 0.669444 0.063542 0.158333
0 0.094792 0.893056 0.060417 0.155556
0 0.207292 0.890278 0.065625 0.150000
4 0.325000 0.912500 0.086458 0.111111
0 0.447917 0.890972 0.063542 0.154167
0 0.551042 0.891667 0.064583 0.147222
0 0.784375 0.895833 0.062500 0.150000
