5 0.095833 0.220139 0.069792 0.051389
5 0.216667 0.219444 0.073958 0.050000
5 0.326042 0.220139 0.072917 0.056944
5 0.440625 0.222222 0.070833 0.050000
5 0.554167 0.219444 0.073958 0.058333
5 0.669792 0.218056 0.072917 0.055556
2 0.785417 0.197222 0.105208 0.094444
5 0.894792 0.220139 0.075000 0.056944
1 0.094792 0.409722 0.097917 0.166667
1 0.211458 0.414583 0.096875 0.168056
1 0.333333 0.407639 0.091667 0.170833
1 0.447917 0.413889 0.094792 0.161111
1 0.553125 0.412500 0.096875 0.163889
1 0.668750 0.413194 0.096875 0.168056
1 0.787500 0.411111 0.097917 0.172222
1 0.903125 0.410417 0.097917 0.168056
5 0.095833 0.715278 0.070833 0.058333
5 0.218750 0.717361 0.073958 0.051389
5 0.330208 0.717361 0.077083 0.051389
5 0.440625 0.717361 0.077083 0.054167
5 0.554167 0.717361 0.073958 0.056944
5 0.667708 0.713194 0.069792 0.059722
5 0.784375 0.718056 0.072917 0.052778
5 0.895833 0.720139 0.076042 0.054167
4 0.096875 0.913889 0.086458 0.108333
2 0.209375 0.918750 0.107292 0.093056
2 0.321875 0.920139 0.106250 0.093056
2 0.448958 0.915972 0.102083 0.101389
3 0.553125 0.879861 0.069792 0.181944
2 0.675000 0.916667 0.107292 0.102778
2 0.780208 0.913889 0.101042 0.102778
2 0.901042 0.914583 0.107292 0.101389
