3 0.103125 0.152778 0.071875 0.183333
3 0.210417 0.152778 0.075000 0.183333
3 0.326042 0.158333 0.077083 0.180556
3 0.437500 0.154861 0.072917 0.184722
3 0.561458 0.156250 0.077083 0.181944
3 0.675000 0.150000 0.077083 0.186111
3 0.783333 0.156944 0.072917 0.175000
3 0.903125 0.158333 0.072917 0.175000
0 0.094792 0.415972 0.063542 0.156944
0 0.207292 0.418056 0.063542 0.155556
0 0.445833 0.422917 0.066667 0.148611
0 0.671875 0.415972 0.065625 0.154167
0 0.785417 0.422917 0.063542 0.148611
0 0.897917 0.420139 0.058333 0.154167
4 0.102083 0.686111 0.084375 0.113889
4 0.211458 0.692361 0.085417 0.112500
4 0.330208 0.686806 0.079167 0.115278
4 0.442708 0.694444 0.085417 0.105556
4 0.563542 0.685417 0.079167 0.115278
4 0.668750 0.690972 0.086458 0.106944
4 0.780208 0.693056 0.087500 0.105556
4 0.092708 0.913194 0.083333 0.109722
4 0.218750 0.910417 0.086458 0.109722
4 0.329167 0.912500 0.086458 0.116667
4 0.554167 0.911111 0.081250 0.111111
4 0.678125 0.915278 0.081250 0.108333
4 0.780208 0.911806 0.082292 0.115278
4 0.900000 0.913194 0.085417 0.115278
