0 0.207292 0.166667 0.062500 0.152778
0 0.551042 0.170139 0.062500 0.151389
0 0.678125 0.169444 0.066667 0.150000
0 0.786458 0.168056 0.066667 0.152778
0 0.894792 0.170833 0.060417 0.155556
0 0.101042 0.419444 0.059375 0.147222
4 0.212500 0.445139 0.084375 0.106944
4 0.323958 0.439583 0.087500 0.106944
4 0.440625 0.439583 0.080208 0.106944
4 0.558333 0.438194 0.085417 0.112500
2 0.669792 0.443750 0.102083 0.101389
4 0.783333 0.440278 0.079167 0.108333
4 0.903125 0.445833 0.087500 0.105556
5 0.094792 0.720139 0.068750 0.056944
3 0.214583 0.658333 0.071875 0.177778
5 0.326042 0.716667 0.069792 0.052778
5 0.445833 0.718056 0.075000 0.061111
5 0.556250 0.720139 0.073958 0.054167
5 0.791667 0.716667 0.072917 0.052778
5 0.902083 0.715278 0.068750 0.061111
0 0.101042 0.889583 0.064583 0.151389
0 0.215625 0.888889 0.060417 0.155556
0 0.328125 0.891667 0.064583 0.147222
0 0.439583 0.886806 0.063542 0.156944
0 0.559375 0.890278 0.060417 0.152778
2 0.671875 0.922222 0.105208 0.091667
0 0.789583 0.888889 0.063542 0.155556
0 0.901042 0.888889 0.063542 0.158333
