1 0.102083 0.166667 0.093750 0.163889
1 0.216667 0.163194 0.094792 0.165278
1 0.323958 0.165972 0.094792 0.165278
1 0.440625 0.167361 0.090625 0.162500
1 0.561458 0.164583 0.096875 0.165278
1 0.672917 0.163889 0.089583 0.169444
1 0.787500 0.159028 0.094792 0.170833
1 0.900000 0.166667 0.093750 0.161111
5 0.096875 0.468056 0.077083 0.050000
5 0.214583 0.469444 0.071875 0.050000
5 0.331250 0.469444 0.069792 0.058333
5 0.440625 0.465972 0.075000 0.054167
5 0.558333 0.463889 0.077083 0.058333
5 0.673958 0.468750 0.077083 0.051389
5 0.785417 0.463889 0.077083 0.061111
5 0.895833 0.468056 0.077083 0.055556
1 0.100000 0.664583 0.093750 0.165278
1 0.214583 0.662500 0.096875 0.161111
1 0.333333 0.662500 0.090625 0.166667
1 0.442708 0.659028 0.096875 0.168056
1 0.678125 0.663194 0.089583 0.170833
1 0.790625 0.659722 0.097917 0.172222
1 0.904167 0.663194 0.093750 0.170833
5 0.098958 0.938889 0.071875 0.058333
5 0.217708 0.942361 0.077083 0.054167
5 0.332292 0.942361 0.070833 0.056944
5 0.436458 0.936111 0.071875 0.058333
5 0.557292 0.936806 0.070833 0.056944
5 0.672917 0.938194 0.075000 0.059722
5 0.781250 0.939583 0.076042 0.059722
