0 0.096875 0.170139 0.058333 0.156944
0 0.218750 0.170139 0.061458 0.156944
0 0.327083 0.170833 0.064583 0.155556
1 0.437500 0.161806 0.091667 0.165278
0 0.555208 0.165972 0.060417 0.156944
0 0.790625 0.171528 0.062500 0.154167
0 0.901042 0.174306 0.062500 0.148611
2 0.216667 0.441667 0.104167 0.102778
4 0.323958 0.438889 0.086458 0.113889
2 0.436458 0.452778 0.103125 0.091667
2 0.556250 0.450000 0.108333 0.094444
2 0.670833 0.450000 0.108333 0.094444
2 0.783333 0.447917 0.107292 0.098611
2 0.901042 0.445139 0.100000 0.095833
4 0.103125 0.686111 0.081250 0.116667
4 0.210417 0.684722 0.086458 0.116667
4 0.327083 0.695139 0.083333 0.106944
4 0.441667 0.690972 0.087500 0.115278
4 0.562500 0.691667 0.082292 0.105556
4 0.673958 0.691667 0.081250 0.105556
4 0.787500 0.688889 0.086458 0.111111
4 0.903125 0.687500 0.079167 0.111111
1 0.103125 0.881944 0.097917 0.172222
1 0.208333 0.885417 0.095833 0.170833
1 0.332292 0.887500 0.089583 0.163889
1 0.445833 0.888194 0.096875 0.165278
0 0.555208 0.886806 0.061458 0.156944
1 0.670833 0.884028 0.090625 0.170833
1 0.902083 0.883333 0.089583 0.166667
