1 0.095833 0.158333 0.089583 0.172222
1 0.215625 0.162500 0.096875 0.172222
1 0.327083 0.158333 0.094792 0.172222
1 0.436458 0.163194 0.089583 0.165278
1 0.558333 0.161806 0.094792 0.162500
1 0.678125 0.163889 0.090625 0.161111
1 0.790625 0.165278 0.096875 0.166667
1 0.897917 0.167361 0.096875 0.162500
1 0.095833 0.413194 0.091667 0.162500
1 0.216667 0.411806 0.089583 0.162500
1 0.322917 0.418056 0.091667 0.161111
1 0.439583 0.409028 0.097917 0.170833
1 0.559375 0.410417 0.094792 0.165278
1 0.666667 0.411111 0.093750 0.163889
1 0.780208 0.414583 0.091667 0.168056
1 0.906250 0.413194 0.089583 0.165278
1 0.105208 0.666667 0.094792 0.163889
5 0.210417 0.719444 0.070833 0.055556
5 0.321875 0.718750 0.070833 0.054167
0 0.558333 0.669444 0.063542 0.150000
5 0.786458 0.719444 0.069792 0.058333
2 0.097917 0.918750 0.101042 0.098611
2 0.207292 0.917361 0.100000 0.095833
2 0.328125 0.918750 0.107292 0.098611
2 0.440625 0.920139 0.105208 0.098611
2 0.557292 0.914583 0.104167 0.101389
2 0.907292 0.923611 0.103125 0.091667
