1 0.097917 0.158333 0.089583 0.172222
5 0.207292 0.220139 0.073958 0.054167
5 0.327083 0.219444 0.071875 0.055556
5 0.437500 0.216667 0.076042 0.055556
5 0.561458 0.219444 0.072917 0.058333
5 0.678125 0.213194 0.071875 0.059722
5 0.780208 0.218750 0.068750 0.051389
4 0.905208 0.188194 0.086458 0.115278
3 0.098958 0.402778 0.075000 0.183333
3 0.214583 0.409028 0.075000 0.179167
3 0.329167 0.401389 0.075000 0.183333
3 0.439583 0.409028 0.072917 0.179167
3 0.553125 0.404167 0.072917 0.186111
3 0.671875 0.401389 0.069792 0.183333
3 0.788542 0.406944 0.069792 0.175000
3 0.904167 0.408333 0.073958 0.175000
2 0.094792 0.697917 0.106250 0.095833
2 0.209375 0.691667 0.105208 0.102778
2 0.445833 0.694444 0.100000 0.097222
2 0.671875 0.699306 0.102083 0.098611
2 0.785417 0.698611 0.103125 0.100000
5 0.902083 0.722222 0.076042 0.052778
5 0.104167 0.940278 0.076042 0.055556
5 0.213542 0.937500 0.070833 0.061111
0 0.321875 0.893056 0.060417 0.147222
5 0.442708 0.941667 0.071875 0.058333
4 0.562500 0.916667 0.082292 0.108333
5 0.667708 0.936806 0.073958 0.056944
5 0.790625 0.936111 0.070833 0.061111
