0 0.105208 0.172917 0.058333 0.151389
0 0.212500 0.168750 0.066667 0.151389
0 0.439583 0.169444 0.058333 0.155556
0 0.552083 0.172222 0.058333 0.152778
0 0.675000 0.167361 0.060417 0.151389
0 0.786458 0.170833 0.059375 0.152778
3 0.097917 0.404861 0.076042 0.179167
3 0.216667 0.404167 0.071875 0.183333
3 0.326042 0.405556 0.068750 0.175000
3 0.438542 0.402083 0.076042 0.181944
3 0.556250 0.406250 0.069792 0.176389
5 0.665625 0.472917 0.072917 0.051389
3 0.791667 0.404861 0.068750 0.181944
3 0.905208 0.406944 0.076042 0.180556
0 0.098958 0.665278 0.060417 0.158333
0 0.209375 0.669444 0.060417 0.158333
0 0.328125 0.674306 0.062500 0.148611
0 0.439583 0.666667 0.066667 0.155556
0 0.552083 0.672917 0.062500 0.151389
0 0.678125 0.666667 0.059375 0.152778
0 0.784375 0.675000 0.061458 0.147222
4 0.101042 0.910417 0.087500 0.109722
4 0.208333 0.915278 0.079167 0.108333
4 0.332292 0.911111 0.082292 0.111111
4 0.445833 0.913889 0.081250 0.108333
4 0.556250 0.913194 0.080208 0.106944
4 0.673958 0.911806 0.087500 0.106944
4 0.788542 0.910417 0.079167 0.112500
