0 0.095833 0.174306 0.058333 0.148611
0 0.210417 0.170833 0.062500 0.147222
0 0.330208 0.170139 0.064583 0.151389
0 0.444792 0.170139 0.062500 0.154167
0 0.556250 0.170139 0.061458 0.154167
4 0.667708 0.188889 0.085417 0.111111
0 0.784375 0.170139 0.066667 0.154167
0 0.902083 0.165278 0.060417 0.158333
5 0.098958 0.469444 0.068750 0.050000
0 0.321875 0.414583 0.065625 0.156944
0 0.559375 0.423611 0.062500 0.147222
0 0.670833 0.419444 0.066667 0.152778
0 0.784375 0.417361 0.061458 0.151389
0 0.906250 0.420833 0.058333 0.147222
5 0.092708 0.713889 0.069792 0.061111
5 0.216667 0.712500 0.072917 0.061111
5 0.326042 0.718750 0.075000 0.051389
5 0.442708 0.715972 0.077083 0.056944
5 0.678125 0.716667 0.073958 0.058333
5 0.782292 0.719444 0.075000 0.058333
5 0.896875 0.719444 0.069792 0.055556
2 0.323958 0.918750 0.104167 0.093056
2 0.437500 0.922222 0.101042 0.091667
3 0.562500 0.882639 0.075000 0.176389
2 0.669792 0.919444 0.102083 0.097222
2 0.792708 0.914583 0.104167 0.101389
2 0.895833 0.915972 0.103125 0.101389
