2 0.105208 0.197222 0.108333 0.100000
2 0.207292 0.195139 0.104167 0.095833
2 0.326042 0.195139 0.103125 0.098611
5 0.445833 0.223611 0.073958 0.050000
2 0.553125 0.196528 0.105208 0.095833
2 0.669792 0.197917 0.100000 0.101389
1 0.785417 0.162500 0.092708 0.163889
2 0.897917 0.197917 0.102083 0.093056
3 0.102083 0.404861 0.070833 0.176389
3 0.212500 0.402778 0.071875 0.186111
3 0.332292 0.400000 0.069792 0.186111
3 0.448958 0.408333 0.075000 0.175000
3 0.673958 0.402778 0.069792 0.186111
3 0.789583 0.408333 0.072917 0.175000
3 0.906250 0.406250 0.071875 0.179167
4 0.104167 0.693750 0.082292 0.109722
4 0.214583 0.694444 0.080208 0.108333
4 0.334375 0.690278 0.084375 0.113889
4 0.447917 0.689583 0.087500 0.112500
0 0.562500 0.665278 0.059375 0.158333
4 0.678125 0.693056 0.086458 0.105556
4 0.790625 0.687500 0.084375 0.111111
4 0.900000 0.687500 0.080208 0.111111
5 0.093750 0.937500 0.073958 0.061111
5 0.207292 0.939583 0.068750 0.056944
5 0.437500 0.934722 0.068750 0.061111
5 0.554167 0.938889 0.070833 0.058333
5 0.672917 0.941667 0.070833 0.055556
5 0.782292 0.936806 0.073958 0.059722
