5 0.095833 0.217361 0.075000 0.054167
5 0.214583 0.220833 0.072917 0.052778
5 0.325000 0.215972 0.068750 0.056944
5 0.448958 0.216667 0.071875 0.061111
5 0.555208 0.218056 0.071875 0.058333
5 0.677083 0.218056 0.073958 0.055556
5 0.782292 0.220139 0.076042 0.051389
5 0.905208 0.213889 0.068750 0.061111
2 0.102083 0.446528 0.100000 0.101389
2 0.211458 0.445833 0.105208 0.100000
2 0.330208 0.445833 0.104167 0.102778
1 0.446875 0.418056 0.091667 0.161111
2 0.562500 0.449306 0.107292 0.098611
2 0.783333 0.447917 0.102083 0.095833
2 0.894792 0.443750 0.103125 0.101389
3 0.100000 0.654861 0.077083 0.181944
3 0.215625 0.656944 0.072917 0.183333
3 0.325000 0.656944 0.069792 0.183333
3 0.667708 0.657639 0.073958 0.176389
3 0.905208 0.651389 0.072917 0.183333
2 0.094792 0.916667 0.105208 0.097222
0 0.207292 0.895833 0.064583 0.147222
0 0.328125 0.891667 0.063542 0.147222
0 0.443750 0.894444 0.060417 0.147222
0 0.560417 0.890972 0.063542 0.156944
1 0.666667 0.888889 0.093750 0.161111
0 0.897917 0.888889 0.063542 0.152778
