5 0.105208 0.220139 0.073958 0.054167
5 0.216667 0.219444 0.071875 0.052778
5 0.334375 0.215972 0.076042 0.056944
5 0.444792 0.214583 0.075000 0.056944
5 0.560417 0.219444 0.070833 0.052778
5 0.665625 0.217361 0.075000 0.054167
5 0.782292 0.219444 0.070833 0.058333
5 0.894792 0.218056 0.072917 0.061111
1 0.092708 0.415278 0.097917 0.161111
1 0.209375 0.411111 0.090625 0.163889
1 0.330208 0.410417 0.090625 0.168056
1 0.437500 0.418056 0.093750 0.161111
1 0.555208 0.411111 0.095833 0.166667
1 0.676042 0.413194 0.096875 0.170833
1 0.784375 0.412500 0.095833 0.169444
1 0.904167 0.413194 0.091667 0.162500
5 0.096875 0.719444 0.069792 0.050000
0 0.216667 0.663889 0.065625 0.158333
0 0.322917 0.665278 0.062500 0.158333
1 0.442708 0.658333 0.095833 0.169444
0 0.668750 0.671528 0.066667 0.154167
0 0.897917 0.672222 0.060417 0.152778
2 0.103125 0.923611 0.106250 0.094444
2 0.219792 0.918750 0.102083 0.101389
2 0.331250 0.918056 0.103125 0.102778
2 0.446875 0.915972 0.108333 0.098611
2 0.555208 0.913889 0.106250 0.102778
2 0.668750 0.922917 0.102083 0.095833
2 0.782292 0.920139 0.103125 0.098611
2 0.902083 0.919444 0.100000 0.100000
