4 0.102083 0.191667 0.084375 0.111111
4 0.211458 0.190278 0.085417 0.105556
4 0.331250 0.191667 0.080208 0.113889
4 0.439583 0.187500 0.082292 0.113889
4 0.562500 0.189583 0.084375 0.112500
4 0.788542 0.186111 0.080208 0.113889
4 0.904167 0.193750 0.081250 0.109722
5 0.095833 0.468056 0.070833 0.061111
5 0.215625 0.470139 0.068750 0.056944
5 0.322917 0.472917 0.072917 0.051389
5 0.442708 0.468056 0.068750 0.050000
5 0.551042 0.471528 0.077083 0.051389
5 0.670833 0.462500 0.069792 0.061111
5 0.785417 0.470833 0.072917 0.050000
5 0.902083 0.470139 0.068750 0.051389
2 0.096875 0.702778 0.105208 0.091667
5 0.214583 0.713194 0.070833 0.059722
5 0.332292 0.722222 0.076042 0.052778
5 0.447917 0.717361 0.077083 0.051389
5 0.555208 0.714583 0.068750 0.059722
5 0.667708 0.717361 0.072917 0.054167
5 0.786458 0.718750 0.071875 0.056944
5 0.896875 0.718056 0.076042 0.052778
1 0.096875 0.884028 0.092708 0.165278
1 0.209375 0.884722 0.092708 0.163889
1 0.439583 0.881944 0.094792 0.172222
1 0.562500 0.889583 0.097917 0.162500
1 0.666667 0.883333 0.091667 0.166667
1 0.788542 0.888889 0.091667 0.163889
1 0.904167 0.887500 0.096875 0.166667
