4 0.211458 0.190972 0.082292 0.106944
4 0.669792 0.191667 0.087500 0.105556
4 0.898958 0.192361 0.084375 0.109722
5 0.093750 0.468056 0.068750 0.058333
5 0.215625 0.468056 0.076042 0.061111
5 0.329167 0.465278 0.075000 0.061111
5 0.440625 0.468056 0.077083 0.055556
5 0.560417 0.468056 0.073958 0.055556
4 0.676042 0.437500 0.083333 0.111111
5 0.792708 0.463889 0.069792 0.061111
5 0.096875 0.723611 0.076042 0.050000
0 0.213542 0.668056 0.065625 0.150000
5 0.333333 0.715278 0.075000 0.055556
4 0.441667 0.687500 0.083333 0.111111
5 0.563542 0.716667 0.070833 0.055556
5 0.782292 0.715972 0.072917 0.059722
5 0.906250 0.720833 0.076042 0.055556
1 0.096875 0.885417 0.092708 0.165278
3 0.216667 0.876389 0.069792 0.183333
1 0.326042 0.887500 0.091667 0.163889
1 0.446875 0.881250 0.096875 0.168056
1 0.561458 0.884028 0.095833 0.170833
1 0.675000 0.886111 0.095833 0.163889
1 0.784375 0.886111 0.096875 0.163889
1 0.895833 0.881250 0.096875 0.168056
