0 0.100000 0.168056 0.062500 0.150000
0 0.207292 0.170833 0.060417 0.147222
0 0.333333 0.167361 0.064583 0.156944
0 0.439583 0.167361 0.063542 0.151389
0 0.553125 0.170833 0.063542 0.155556
0 0.668750 0.165278 0.062500 0.158333
0 0.785417 0.172222 0.064583 0.152778
0 0.897917 0.170833 0.061458 0.147222
4 0.093750 0.445833 0.086458 0.105556
4 0.219792 0.441667 0.080208 0.108333
4 0.321875 0.437500 0.082292 0.111111
4 0.443750 0.440972 0.084375 0.112500
4 0.558333 0.439583 0.080208 0.106944
4 0.666667 0.441667 0.086458 0.111111
4 0.780208 0.438194 0.081250 0.109722
4 0.901042 0.443750 0.086458 0.106944
5 0.105208 0.722917 0.073958 0.051389
5 0.334375 0.713194 0.070833 0.059722
5 0.436458 0.716667 0.072917 0.052778
5 0.780208 0.713889 0.072917 0.058333
5 0.903125 0.718056 0.075000 0.058333
1 0.103125 0.881250 0.092708 0.170833
1 0.209375 0.887500 0.091667 0.161111
1 0.334375 0.884028 0.089583 0.170833
1 0.445833 0.885417 0.093750 0.165278
1 0.670833 0.883333 0.091667 0.166667
1 0.786458 0.884028 0.090625 0.162500
1 0.896875 0.884722 0.097917 0.163889
