4 0.098958 0.186806 0.082292 0.112500
4 0.219792 0.190278 0.087500 0.105556
4 0.445833 0.188194 0.084375 0.112500
4 0.555208 0.195139 0.080208 0.106944
4 0.670833 0.193056 0.086458 0.111111
4 0.781250 0.184722 0.087500 0.116667
4 0.897917 0.187500 0.081250 0.116667
2 0.104167 0.449306 0.100000 0.095833
2 0.208333 0.444444 0.106250 0.097222
2 0.442708 0.446528 0.103125 0.095833
2 0.555208 0.449306 0.100000 0.098611
2 0.678125 0.447222 0.106250 0.091667
2 0.789583 0.448611 0.107292 0.100000
2 0.894792 0.448611 0.103125 0.094444
4 0.097917 0.690278 0.079167 0.111111
4 0.214583 0.693056 0.083333 0.108333
4 0.325000 0.688889 0.086458 0.116667
4 0.438542 0.688194 0.080208 0.115278
4 0.666667 0.688194 0.079167 0.109722
5 0.791667 0.720833 0.071875 0.050000
1 0.895833 0.667361 0.094792 0.162500
0 0.093750 0.891667 0.063542 0.155556
0 0.217708 0.890278 0.063542 0.155556
1 0.331250 0.885417 0.089583 0.162500
0 0.445833 0.887500 0.061458 0.155556
0 0.560417 0.891667 0.061458 0.158333
0 0.676042 0.892361 0.058333 0.156944
0 0.785417 0.890972 0.062500 0.151389
0 0.906250 0.890972 0.061458 0.156944
