2 0.100000 0.192361 0.107292 0.101389
0 0.207292 0.169444 0.061458 0.158333
0 0.330208 0.174306 0.059375 0.148611
0 0.436458 0.168056 0.062500 0.152778
0 0.562500 0.169444 0.066667 0.158333
0 0.678125 0.171528 0.066667 0.154167
0 0.788542 0.172222 0.062500 0.150000
0 0.901042 0.170833 0.066667 0.155556
2 0.093750 0.445833 0.102083 0.097222
2 0.207292 0.450000 0.106250 0.097222
2 0.321875 0.451389 0.100000 0.094444
2 0.437500 0.448611 0.101042 0.094444
2 0.563542 0.443056 0.104167 0.102778
2 0.672917 0.441667 0.102083 0.102778
2 0.895833 0.447222 0.105208 0.094444
1 0.102083 0.662500 0.095833 0.163889
1 0.219792 0.662500 0.095833 0.169444
1 0.331250 0.665278 0.090625 0.161111
1 0.441667 0.665278 0.097917 0.163889
1 0.561458 0.667361 0.096875 0.162500
1 0.666667 0.662500 0.096875 0.172222
1 0.788542 0.664583 0.090625 0.168056
4 0.103125 0.911111 0.079167 0.116667
4 0.219792 0.911111 0.085417 0.108333
4 0.321875 0.913889 0.080208 0.111111
4 0.443750 0.910417 0.079167 0.109722
4 0.551042 0.913194 0.082292 0.106944
4 0.672917 0.914583 0.087500 0.109722
4 0.781250 0.913889 0.086458 0.105556
4 0.901042 0.915278 0.081250 0.108333
