5 0.095833 0.216667 0.075000 0.055556
5 0.208333 0.216667 0.068750 0.052778
5 0.670833 0.219444 0.070833 0.050000
5 0.792708 0.213889 0.073958 0.058333
3 0.093750 0.408333 0.069792 0.175000
3 0.219792 0.404861 0.073958 0.176389
3 0.444792 0.405556 0.075000 0.186111
3 0.557292 0.404861 0.071875 0.176389
3 0.671875 0.406944 0.073958 0.175000
3 0.784375 0.404167 0.073958 0.177778
3 0.901042 0.405556 0.077083 0.183333
4 0.096875 0.684722 0.081250 0.116667
4 0.210417 0.691667 0.086458 0.111111
3 0.334375 0.651389 0.071875 0.186111
4 0.439583 0.692361 0.087500 0.109722
4 0.556250 0.687500 0.082292 0.111111
4 0.786458 0.686111 0.087500 0.113889
2 0.098958 0.915278 0.101042 0.102778
2 0.215625 0.922222 0.103125 0.097222
2 0.437500 0.920139 0.106250 0.095833
2 0.785417 0.914583 0.105208 0.101389
2 0.897917 0.922222 0.108333 0.094444
