1 0.094792 0.161806 0.089583 0.168056
1 0.214583 0.163889 0.091667 0.161111
1 0.323958 0.157639 0.092708 0.170833
3 0.561458 0.154861 0.077083 0.184722
1 0.678125 0.164583 0.097917 0.168056
1 0.782292 0.157639 0.097917 0.170833
1 0.901042 0.161111 0.095833 0.169444
3 0.102083 0.402083 0.070833 0.184722
3 0.328125 0.404861 0.072917 0.184722
3 0.438542 0.403472 0.068750 0.179167
3 0.560417 0.407639 0.075000 0.176389
3 0.670833 0.407639 0.076042 0.176389
3 0.784375 0.400000 0.070833 0.186111
3 0.900000 0.406944 0.076042 0.183333
2 0.105208 0.696528 0.101042 0.101389
2 0.209375 0.700694 0.108333 0.093056
2 0.442708 0.695833 0.106250 0.097222
2 0.788542 0.698611 0.102083 0.100000
2 0.906250 0.698611 0.100000 0.097222
1 0.105208 0.882639 0.090625 0.170833
1 0.215625 0.882639 0.094792 0.168056
3 0.330208 0.877083 0.072917 0.181944
1 0.438542 0.889583 0.093750 0.162500
1 0.559375 0.881944 0.090625 0.172222
1 0.675000 0.887500 0.092708 0.163889
1 0.787500 0.880556 0.091667 0.169444
1 0.904167 0.881944 0.096875 0.169444
