1 0.095833 0.165278 0.089583 0.166667
1 0.209375 0.165278 0.095833 0.163889
1 0.331250 0.160417 0.095833 0.165278
1 0.441667 0.165278 0.096875 0.163889
1 0.561458 0.161111 0.097917 0.163889
1 0.665625 0.160417 0.094792 0.168056
1 0.781250 0.161806 0.096875 0.165278
1 0.905208 0.159722 0.094792 0.166667
2 0.102083 0.445833 0.101042 0.100000
2 0.208333 0.447222 0.108333 0.100000
4 0.329167 0.438194 0.079167 0.112500
2 0.442708 0.444444 0.108333 0.102778
2 0.902083 0.443750 0.105208 0.098611
0 0.093750 0.668056 0.062500 0.152778
0 0.213542 0.669444 0.063542 0.158333
3 0.332292 0.654861 0.070833 0.181944
0 0.437500 0.671528 0.065625 0.154167
0 0.558333 0.669444 0.059375 0.150000
0 0.677083 0.666667 0.065625 0.155556
2 0.785417 0.697917 0.106250 0.093056
0 0.894792 0.670139 0.062500 0.156944
2 0.102083 0.924306 0.107292 0.093056
2 0.214583 0.920139 0.104167 0.095833
2 0.321875 0.917361 0.107292 0.095833
2 0.446875 0.921528 0.100000 0.098611
2 0.556250 0.919444 0.104167 0.091667
2 0.676042 0.921528 0.103125 0.098611
2 0.786458 0.922917 0.101042 0.093056
