2 0.101042 0.196528 0.103125 0.093056
2 0.207292 0.195833 0.103125 0.097222
2 0.332292 0.200000 0.100000 0.091667
2 0.437500 0.197222 0.107292 0.091667
2 0.554167 0.200694 0.101042 0.093056
2 0.670833 0.197917 0.103125 0.093056
2 0.787500 0.202083 0.103125 0.093056
4 0.104167 0.436806 0.081250 0.115278
4 0.209375 0.437500 0.079167 0.111111
4 0.334375 0.444444 0.083333 0.108333
4 0.445833 0.442361 0.086458 0.109722
4 0.556250 0.442361 0.082292 0.109722
4 0.672917 0.445833 0.079167 0.105556
4 0.787500 0.436806 0.080208 0.115278
4 0.900000 0.441667 0.082292 0.108333
3 0.100000 0.659722 0.076042 0.175000
3 0.217708 0.655556 0.076042 0.175000
3 0.448958 0.653472 0.077083 0.179167
3 0.557292 0.657639 0.068750 0.176389
3 0.677083 0.651389 0.069792 0.186111
3 0.785417 0.656250 0.071875 0.179167
2 0.903125 0.697917 0.107292 0.101389
5 0.105208 0.936806 0.076042 0.056944
5 0.323958 0.942361 0.069792 0.051389
5 0.442708 0.943056 0.068750 0.055556
5 0.554167 0.937500 0.068750 0.055556
5 0.672917 0.942361 0.073958 0.056944
5 0.792708 0.941667 0.072917 0.052778
5 0.900000 0.941667 0.068750 0.052778
