4 0.093750 0.190972 0.079167 0.115278
5 0.211458 0.222917 0.073958 0.051389
5 0.330208 0.215972 0.073958 0.056944
3 0.442708 0.151389 0.070833 0.183333
5 0.557292 0.222917 0.077083 0.051389
5 0.675000 0.223611 0.071875 0.050000
5 0.784375 0.218056 0.075000 0.055556
5 0.900000 0.215278 0.068750 0.055556
4 0.100000 0.443056 0.079167 0.108333
4 0.213542 0.443750 0.086458 0.109722
4 0.327083 0.445833 0.085417 0.105556
4 0.442708 0.441667 0.081250 0.108333
4 0.560417 0.442361 0.084375 0.109722
4 0.782292 0.441667 0.085417 0.111111
4 0.902083 0.441667 0.086458 0.108333
2 0.093750 0.694444 0.106250 0.097222
2 0.218750 0.698611 0.100000 0.094444
2 0.439583 0.701389 0.102083 0.094444
2 0.561458 0.697222 0.103125 0.102778
2 0.670833 0.695833 0.102083 0.094444
2 0.785417 0.696528 0.107292 0.101389
2 0.901042 0.695139 0.108333 0.098611
3 0.095833 0.877778 0.076042 0.175000
3 0.441667 0.874306 0.077083 0.184722
3 0.555208 0.877083 0.071875 0.181944
3 0.673958 0.875000 0.071875 0.183333
3 0.789583 0.879167 0.071875 0.175000
0 0.905208 0.892361 0.065625 0.151389
