2 0.092708 0.200694 0.107292 0.093056
2 0.328125 0.198611 0.100000 0.094444
2 0.448958 0.195833 0.106250 0.097222
2 0.557292 0.197222 0.107292 0.100000
2 0.672917 0.198611 0.104167 0.097222
2 0.790625 0.194444 0.106250 0.100000
0 0.105208 0.418750 0.065625 0.156944
0 0.219792 0.420833 0.058333 0.155556
0 0.327083 0.421528 0.059375 0.148611
0 0.446875 0.420139 0.066667 0.148611
5 0.558333 0.468056 0.072917 0.058333
0 0.676042 0.422222 0.058333 0.150000
0 0.781250 0.418056 0.059375 0.152778
0 0.895833 0.418750 0.066667 0.154167
0 0.213542 0.672917 0.065625 0.151389
0 0.328125 0.664583 0.062500 0.156944
0 0.444792 0.670139 0.065625 0.151389
0 0.667708 0.671528 0.060417 0.148611
0 0.789583 0.674306 0.064583 0.148611
0 0.897917 0.665972 0.061458 0.156944
5 0.093750 0.938194 0.068750 0.054167
5 0.211458 0.936111 0.071875 0.058333
5 0.331250 0.940972 0.073958 0.059722
5 0.438542 0.939583 0.071875 0.056944
5 0.555208 0.940972 0.073958 0.056944
5 0.665625 0.935417 0.077083 0.059722
5 0.781250 0.937500 0.071875 0.055556
0 0.894792 0.889583 0.066667 0.151389
