5 0.100000 0.220833 0.075000 0.052778
5 0.333333 0.213194 0.072917 0.059722
5 0.439583 0.215972 0.076042 0.054167
5 0.557292 0.223611 0.068750 0.050000
5 0.780208 0.221528 0.070833 0.054167
0 0.098958 0.422222 0.061458 0.147222
0 0.212500 0.415278 0.064583 0.158333
0 0.438542 0.415972 0.063542 0.156944
0 0.556250 0.414583 0.064583 0.156944
0 0.677083 0.422222 0.063542 0.152778
0 0.785417 0.423611 0.061458 0.147222
0 0.904167 0.415972 0.061458 0.154167
1 0.098958 0.661806 0.096875 0.170833
1 0.216667 0.664583 0.089583 0.162500
1 0.323958 0.661111 0.097917 0.166667
4 0.447917 0.693056 0.081250 0.105556
1 0.553125 0.662500 0.094792 0.172222
1 0.897917 0.665278 0.095833 0.161111
5 0.103125 0.942361 0.077083 0.056944
1 0.211458 0.886111 0.095833 0.166667
5 0.330208 0.941667 0.076042 0.055556
5 0.438542 0.940972 0.073958 0.056944
5 0.561458 0.939583 0.068750 0.051389
5 0.665625 0.938194 0.077083 0.059722
5 0.783333 0.936111 0.077083 0.058333
5 0.897917 0.943750 0.076042 0.054167
