4 0.092708 0.191667 0.087500 0.108333
0 0.208333 0.168750 0.063542 0.151389
0 0.327083 0.170139 0.061458 0.148611
0 0.447917 0.165972 0.062500 0.154167
0 0.562500 0.165278 0.065625 0.158333
0 0.670833 0.170139 0.063542 0.156944
0 0.786458 0.170833 0.066667 0.155556
3 0.903125 0.156250 0.070833 0.176389
5 0.094792 0.462500 0.071875 0.061111
5 0.209375 0.470833 0.075000 0.055556
5 0.440625 0.470139 0.071875 0.056944
5 0.562500 0.467361 0.077083 0.059722
5 0.665625 0.468750 0.077083 0.059722
5 0.789583 0.468056 0.075000 0.052778
3 0.103125 0.661111 0.071875 0.175000
0 0.327083 0.672917 0.063542 0.148611
3 0.437500 0.655556 0.073958 0.183333
2 0.554167 0.697222 0.101042 0.102778
4 0.667708 0.686111 0.080208 0.116667
3 0.901042 0.658333 0.068750 0.175000
1 0.102083 0.888194 0.097917 0.162500
1 0.217708 0.884722 0.093750 0.163889
1 0.321875 0.883333 0.095833 0.169444
1 0.446875 0.887500 0.093750 0.161111
1 0.556250 0.886806 0.094792 0.165278
1 0.673958 0.883333 0.094792 0.163889
1 0.785417 0.881944 0.092708 0.169444
1 0.897917 0.887500 0.091667 0.161111
