2 0.102083 0.193056 0.108333 0.102778
2 0.218750 0.197222 0.101042 0.102778
2 0.329167 0.194444 0.108333 0.100000
3 0.555208 0.161111 0.077083 0.175000
2 0.666667 0.196528 0.106250 0.095833
2 0.787500 0.193056 0.103125 0.100000
2 0.900000 0.194444 0.100000 0.102778
0 0.095833 0.414583 0.060417 0.156944
0 0.443750 0.415972 0.064583 0.154167
0 0.555208 0.424306 0.066667 0.148611
2 0.677083 0.452778 0.100000 0.091667
0 0.782292 0.421528 0.058333 0.154167
3 0.101042 0.661111 0.070833 0.175000
3 0.217708 0.655556 0.073958 0.180556
3 0.333333 0.656944 0.072917 0.180556
0 0.446875 0.669444 0.060417 0.155556
3 0.673958 0.653472 0.068750 0.179167
3 0.790625 0.656250 0.068750 0.184722
3 0.895833 0.652778 0.072917 0.180556
4 0.102083 0.911111 0.083333 0.116667
4 0.207292 0.912500 0.084375 0.105556
0 0.326042 0.895139 0.063542 0.151389
4 0.560417 0.910417 0.087500 0.109722
4 0.905208 0.912500 0.087500 0.105556
