2 0.095833 0.197917 0.103125 0.095833
4 0.209375 0.194444 0.084375 0.105556
4 0.321875 0.190278 0.082292 0.113889
4 0.438542 0.195139 0.080208 0.106944
4 0.562500 0.189583 0.086458 0.112500
4 0.669792 0.190972 0.084375 0.115278
4 0.900000 0.189583 0.080208 0.112500
5 0.092708 0.465972 0.075000 0.059722
1 0.215625 0.412500 0.089583 0.163889
1 0.445833 0.413194 0.093750 0.168056
1 0.556250 0.411111 0.091667 0.163889
1 0.675000 0.412500 0.094792 0.166667
1 0.894792 0.413889 0.091667 0.169444
1 0.208333 0.665972 0.095833 0.162500
1 0.329167 0.663889 0.089583 0.166667
1 0.443750 0.663194 0.090625 0.170833
1 0.561458 0.660417 0.091667 0.165278
1 0.667708 0.662500 0.092708 0.166667
1 0.785417 0.665278 0.093750 0.163889
1 0.896875 0.660417 0.089583 0.165278
3 0.095833 0.879861 0.076042 0.181944
1 0.218750 0.886806 0.096875 0.162500
1 0.334375 0.885417 0.094792 0.170833
1 0.446875 0.880556 0.094792 0.169444
1 0.559375 0.886806 0.090625 0.162500
1 0.667708 0.883333 0.090625 0.172222
1 0.791667 0.885417 0.089583 0.165278
1 0.903125 0.882639 0.097917 0.168056
