2 0.325000 0.200694 0.108333 0.093056
0 0.448958 0.165278 0.061458 0.158333
2 0.553125 0.197222 0.103125 0.097222
2 0.667708 0.198611 0.102083 0.094444
2 0.788542 0.200000 0.100000 0.097222
1 0.096875 0.412500 0.094792 0.169444
1 0.328125 0.413889 0.091667 0.161111
1 0.445833 0.413889 0.096875 0.166667
1 0.557292 0.411806 0.095833 0.170833
1 0.671875 0.417361 0.097917 0.162500
1 0.786458 0.414583 0.091667 0.162500
1 0.895833 0.413889 0.093750 0.163889
0 0.092708 0.672222 0.063542 0.147222
0 0.216667 0.665278 0.062500 0.155556
0 0.331250 0.671528 0.063542 0.151389
0 0.437500 0.666667 0.061458 0.152778
0 0.561458 0.670833 0.063542 0.147222
0 0.791667 0.673611 0.058333 0.150000
5 0.904167 0.717361 0.077083 0.056944
1 0.097917 0.886806 0.090625 0.168056
1 0.216667 0.888194 0.093750 0.162500
1 0.334375 0.880556 0.092708 0.169444
1 0.561458 0.886111 0.097917 0.161111
1 0.677083 0.887500 0.093750 0.166667
1 0.784375 0.889583 0.094792 0.162500
1 0.902083 0.880556 0.095833 0.172222
