5 0.095833 0.218056 0.076042 0.050000
5 0.208333 0.219444 0.071875 0.052778
5 0.325000 0.220833 0.077083 0.055556
5 0.443750 0.217361 0.070833 0.051389
5 0.555208 0.222222 0.077083 0.050000
5 0.673958 0.216667 0.070833 0.061111
5 0.792708 0.219444 0.070833 0.058333
5 0.906250 0.213889 0.077083 0.058333
3 0.093750 0.406944 0.070833 0.177778
3 0.219792 0.405556 0.070833 0.183333
3 0.440625 0.404861 0.071875 0.181944
3 0.555208 0.403472 0.070833 0.181944
3 0.666667 0.406250 0.073958 0.181944
4 0.103125 0.693056 0.085417 0.111111
4 0.212500 0.693750 0.080208 0.106944
4 0.333333 0.690278 0.081250 0.108333
4 0.443750 0.690972 0.087500 0.106944
4 0.671875 0.695833 0.081250 0.105556
4 0.789583 0.688889 0.083333 0.116667
4 0.898958 0.688889 0.086458 0.108333
2 0.102083 0.916667 0.100000 0.097222
1 0.325000 0.888194 0.097917 0.162500
1 0.440625 0.881250 0.090625 0.170833
1 0.552083 0.884722 0.090625 0.161111
1 0.672917 0.890278 0.093750 0.161111
1 0.782292 0.886806 0.095833 0.165278
1 0.900000 0.882639 0.096875 0.168056
