3 0.215625 0.154167 0.069792 0.180556
2 0.330208 0.197222 0.105208 0.102778
3 0.438542 0.156944 0.076042 0.180556
3 0.563542 0.156944 0.075000 0.177778
3 0.671875 0.157639 0.073958 0.181944
3 0.791667 0.155556 0.071875 0.183333
3 0.900000 0.156250 0.068750 0.176389
3 0.101042 0.407639 0.069792 0.176389
3 0.216667 0.404167 0.073958 0.177778
3 0.558333 0.405556 0.073958 0.186111
3 0.667708 0.406944 0.071875 0.175000
3 0.780208 0.405556 0.073958 0.180556
0 0.907292 0.420833 0.064583 0.152778
5 0.100000 0.715972 0.071875 0.054167
5 0.218750 0.716667 0.068750 0.052778
5 0.334375 0.718056 0.071875 0.052778
5 0.445833 0.717361 0.068750 0.051389
5 0.558333 0.715278 0.068750 0.055556
5 0.787500 0.715972 0.069792 0.059722
5 0.897917 0.722222 0.068750 0.052778
5 0.104167 0.935417 0.068750 0.059722
5 0.209375 0.940972 0.075000 0.056944
0 0.331250 0.893750 0.060417 0.154167
5 0.437500 0.944444 0.076042 0.050000
4 0.554167 0.915972 0.085417 0.106944
5 0.785417 0.936111 0.076042 0.061111
5 0.897917 0.943056 0.076042 0.055556
