3 0.103125 0.154861 0.077083 0.179167
2 0.215625 0.195139 0.100000 0.098611
3 0.327083 0.155556 0.073958 0.183333
3 0.438542 0.152778 0.071875 0.186111
5 0.559375 0.214583 0.076042 0.056944
3 0.672917 0.155556 0.075000 0.186111
3 0.896875 0.154861 0.070833 0.184722
5 0.094792 0.470833 0.073958 0.050000
5 0.219792 0.473611 0.071875 0.050000
5 0.333333 0.466667 0.076042 0.052778
5 0.443750 0.467361 0.076042 0.059722
5 0.557292 0.463889 0.076042 0.061111
0 0.677083 0.420833 0.058333 0.150000
5 0.791667 0.468750 0.068750 0.056944
5 0.905208 0.472917 0.075000 0.051389
2 0.105208 0.697222 0.106250 0.100000
2 0.210417 0.693056 0.106250 0.102778
2 0.446875 0.700000 0.104167 0.094444
2 0.552083 0.701389 0.102083 0.094444
2 0.670833 0.700000 0.107292 0.091667
3 0.092708 0.874306 0.069792 0.181944
3 0.207292 0.883333 0.075000 0.175000
3 0.329167 0.877778 0.071875 0.180556
3 0.441667 0.879861 0.077083 0.179167
3 0.557292 0.876389 0.069792 0.180556
3 0.665625 0.877778 0.071875 0.177778
3 0.792708 0.881944 0.073958 0.177778
3 0.905208 0.874306 0.070833 0.184722
