0 0.098958 0.168750 0.060417 0.154167
0 0.217708 0.168056 0.060417 0.158333
0 0.328125 0.170139 0.059375 0.154167
0 0.437500 0.171528 0.059375 0.148611
0 0.555208 0.169444 0.064583 0.147222
0 0.673958 0.173611 0.063542 0.150000
0 0.902083 0.171528 0.062500 0.151389
5 0.096875 0.470139 0.068750 0.056944
5 0.218750 0.469444 0.076042 0.055556
5 0.334375 0.469444 0.071875 0.050000
5 0.444792 0.472222 0.070833 0.050000
5 0.559375 0.470139 0.075000 0.051389
5 0.672917 0.466667 0.068750 0.055556
5 0.783333 0.467361 0.070833 0.054167
1 0.093750 0.665278 0.091667 0.161111
1 0.332292 0.665278 0.095833 0.163889
1 0.448958 0.658333 0.091667 0.169444
1 0.552083 0.661806 0.089583 0.162500
1 0.677083 0.659722 0.096875 0.166667
1 0.781250 0.663889 0.093750 0.163889
1 0.903125 0.662500 0.095833 0.172222
4 0.103125 0.910417 0.080208 0.109722
4 0.209375 0.918056 0.080208 0.105556
4 0.322917 0.917361 0.079167 0.106944
4 0.440625 0.910417 0.079167 0.109722
4 0.556250 0.912500 0.084375 0.116667
4 0.665625 0.911806 0.079167 0.109722
4 0.784375 0.910417 0.082292 0.112500
4 0.902083 0.908333 0.081250 0.113889
