5 0.093750 0.216667 0.070833 0.058333
5 0.213542 0.222917 0.077083 0.051389
5 0.322917 0.220139 0.069792 0.051389
5 0.441667 0.218056 0.077083 0.055556
5 0.677083 0.215972 0.069792 0.059722
5 0.785417 0.215278 0.073958 0.055556
2 0.905208 0.196528 0.100000 0.093056
0 0.325000 0.420139 0.060417 0.156944
3 0.436458 0.405556 0.076042 0.177778
3 0.551042 0.405556 0.072917 0.175000
3 0.677083 0.409722 0.075000 0.175000
3 0.898958 0.404167 0.072917 0.177778
2 0.096875 0.701389 0.106250 0.094444
3 0.218750 0.654167 0.072917 0.177778
4 0.332292 0.692361 0.084375 0.106944
2 0.437500 0.700000 0.105208 0.094444
2 0.557292 0.699306 0.103125 0.093056
2 0.791667 0.697917 0.101042 0.093056
2 0.905208 0.695139 0.106250 0.095833
3 0.102083 0.876389 0.077083 0.183333
4 0.322917 0.912500 0.079167 0.111111
4 0.447917 0.911111 0.082292 0.111111
4 0.561458 0.915972 0.079167 0.106944
4 0.676042 0.915972 0.082292 0.106944
4 0.780208 0.907639 0.082292 0.115278
4 0.905208 0.909722 0.086458 0.111111
