3 0.103125 0.160417 0.072917 0.176389
3 0.218750 0.154861 0.072917 0.179167
3 0.329167 0.150000 0.075000 0.186111
3 0.441667 0.152778 0.076042 0.186111
3 0.562500 0.156944 0.070833 0.180556
3 0.667708 0.156944 0.070833 0.177778
3 0.784375 0.152778 0.075000 0.183333
3 0.897917 0.150694 0.073958 0.184722
5 0.100000 0.469444 0.070833 0.055556
5 0.214583 0.468056 0.077083 0.050000
5 0.326042 0.463889 0.077083 0.058333
5 0.439583 0.471528 0.071875 0.054167
5 0.559375 0.470139 0.077083 0.054167
5 0.673958 0.470139 0.076042 0.054167
5 0.780208 0.468750 0.071875 0.056944
5 0.895833 0.472222 0.073958 0.052778
4 0.103125 0.691667 0.085417 0.105556
4 0.215625 0.694444 0.084375 0.105556
4 0.322917 0.684722 0.081250 0.116667
4 0.443750 0.687500 0.087500 0.113889
4 0.561458 0.692361 0.079167 0.112500
4 0.665625 0.690972 0.082292 0.109722
4 0.895833 0.686111 0.081250 0.113889
2 0.098958 0.920139 0.107292 0.095833
2 0.219792 0.919444 0.108333 0.100000
1 0.323958 0.882639 0.094792 0.170833
2 0.446875 0.920833 0.102083 0.100000
2 0.559375 0.920139 0.104167 0.095833
2 0.671875 0.920833 0.108333 0.100000
2 0.789583 0.916667 0.101042 0.097222
2 0.898958 0.917361 0.107292 0.098611
