0 0.094792 0.172222 0.063542 0.147222
0 0.216667 0.170833 0.066667 0.150000
0 0.329167 0.171528 0.058333 0.151389
0 0.554167 0.170833 0.058333 0.152778
0 0.673958 0.173611 0.066667 0.147222
0 0.902083 0.175000 0.065625 0.147222
1 0.216667 0.411806 0.096875 0.168056
1 0.441667 0.413194 0.094792 0.168056
1 0.561458 0.416667 0.090625 0.161111
1 0.788542 0.413194 0.096875 0.165278
1 0.895833 0.412500 0.095833 0.169444
0 0.096875 0.669444 0.060417 0.152778
0 0.216667 0.669444 0.061458 0.155556
0 0.328125 0.675000 0.064583 0.147222
0 0.444792 0.665278 0.061458 0.158333
5 0.558333 0.715278 0.069792 0.061111
0 0.671875 0.668750 0.058333 0.151389
0 0.789583 0.670139 0.064583 0.148611
0 0.904167 0.672222 0.061458 0.147222
5 0.097917 0.940972 0.072917 0.056944
5 0.209375 0.936806 0.077083 0.059722
5 0.329167 0.938194 0.077083 0.054167
5 0.443750 0.939583 0.076042 0.059722
5 0.560417 0.941667 0.070833 0.055556
5 0.792708 0.940972 0.076042 0.051389
1 0.898958 0.883333 0.097917 0.166667
