0 0.103125 0.169444 0.061458 0.147222
0 0.212500 0.170139 0.060417 0.148611
0 0.328125 0.168056 0.059375 0.155556
0 0.446875 0.165278 0.060417 0.158333
0 0.787500 0.166667 0.062500 0.152778
3 0.902083 0.156250 0.071875 0.184722
2 0.443750 0.450000 0.108333 0.097222
2 0.555208 0.447222 0.105208 0.100000
2 0.675000 0.442361 0.105208 0.101389
2 0.792708 0.448611 0.105208 0.097222
2 0.903125 0.448611 0.108333 0.097222
0 0.096875 0.668750 0.061458 0.151389
0 0.207292 0.670833 0.058333 0.147222
0 0.334375 0.668056 0.061458 0.155556
0 0.438542 0.665972 0.059375 0.156944
1 0.561458 0.661806 0.095833 0.165278
0 0.676042 0.663889 0.062500 0.158333
1 0.780208 0.659722 0.094792 0.172222
0 0.896875 0.664583 0.065625 0.156944
0 0.093750 0.890278 0.058333 0.158333
0 0.213542 0.894444 0.063542 0.150000
3 0.444792 0.877778 0.077083 0.183333
0 0.673958 0.893056 0.062500 0.155556
0 0.787500 0.892361 0.060417 0.154167
0 0.905208 0.895139 0.065625 0.151389
