2 0.092708 0.198611 0.105208 0.100000
2 0.217708 0.201389 0.107292 0.091667
2 0.334375 0.198611 0.107292 0.100000
2 0.436458 0.197222 0.100000 0.100000
5 0.557292 0.215972 0.069792 0.059722
2 0.675000 0.199306 0.107292 0.095833
2 0.787500 0.191667 0.100000 0.102778
2 0.898958 0.202778 0.108333 0.091667
1 0.096875 0.418056 0.091667 0.161111
1 0.214583 0.414583 0.090625 0.165278
1 0.321875 0.411111 0.091667 0.169444
1 0.447917 0.414583 0.096875 0.165278
1 0.672917 0.410417 0.089583 0.170833
1 0.786458 0.415972 0.097917 0.162500
1 0.898958 0.414583 0.090625 0.162500
1 0.094792 0.662500 0.090625 0.161111
1 0.211458 0.661111 0.094792 0.172222
1 0.556250 0.662500 0.095833 0.161111
1 0.669792 0.663889 0.097917 0.161111
1 0.787500 0.659028 0.096875 0.170833
1 0.905208 0.662500 0.090625 0.163889
3 0.103125 0.879861 0.070833 0.179167
3 0.219792 0.878472 0.068750 0.181944
3 0.329167 0.881944 0.071875 0.177778
3 0.442708 0.882639 0.076042 0.176389
3 0.556250 0.880556 0.070833 0.175000
3 0.673958 0.880556 0.073958 0.180556
3 0.787500 0.879167 0.077083 0.177778
3 0.905208 0.877778 0.069792 0.180556
