0 0.094792 0.165972 0.065625 0.156944
0 0.210417 0.167361 0.059375 0.154167
0 0.329167 0.173611 0.063542 0.147222
0 0.437500 0.168750 0.058333 0.154167
0 0.557292 0.174306 0.058333 0.148611
0 0.671875 0.175000 0.058333 0.147222
0 0.782292 0.170833 0.061458 0.150000
0 0.896875 0.168056 0.061458 0.150000
2 0.100000 0.450694 0.105208 0.093056
2 0.213542 0.449306 0.101042 0.098611
2 0.447917 0.443750 0.106250 0.098611
2 0.559375 0.450000 0.101042 0.094444
1 0.675000 0.413889 0.089583 0.169444
2 0.896875 0.448611 0.108333 0.100000
5 0.093750 0.722222 0.073958 0.052778
1 0.209375 0.665972 0.090625 0.162500
5 0.326042 0.720139 0.075000 0.056944
5 0.444792 0.720139 0.068750 0.054167
5 0.669792 0.720139 0.068750 0.056944
5 0.783333 0.716667 0.075000 0.052778
5 0.905208 0.719444 0.072917 0.055556
0 0.207292 0.892361 0.061458 0.154167
2 0.331250 0.915972 0.100000 0.098611
0 0.445833 0.887500 0.065625 0.158333
0 0.555208 0.888194 0.062500 0.156944
1 0.666667 0.888889 0.094792 0.163889
0 0.895833 0.889583 0.062500 0.156944
