5 0.097917 0.214583 0.069792 0.056944
0 0.219792 0.164583 0.061458 0.156944
5 0.333333 0.220833 0.073958 0.052778
5 0.552083 0.220833 0.072917 0.050000
5 0.667708 0.220833 0.075000 0.050000
5 0.782292 0.223611 0.073958 0.050000
5 0.904167 0.220139 0.071875 0.051389
2 0.104167 0.441667 0.108333 0.102778
2 0.212500 0.441667 0.101042 0.102778
2 0.325000 0.450000 0.102083 0.097222
2 0.440625 0.451389 0.103125 0.094444
2 0.560417 0.450000 0.104167 0.094444
2 0.667708 0.446528 0.108333 0.101389
2 0.785417 0.443750 0.100000 0.101389
2 0.904167 0.451389 0.102083 0.091667
5 0.101042 0.715972 0.072917 0.056944
5 0.218750 0.720833 0.076042 0.052778
5 0.330208 0.716667 0.068750 0.055556
5 0.444792 0.718056 0.073958 0.058333
5 0.562500 0.715278 0.077083 0.058333
5 0.665625 0.715972 0.068750 0.059722
5 0.787500 0.715278 0.073958 0.055556
5 0.895833 0.718056 0.072917 0.050000
5 0.102083 0.940972 0.072917 0.059722
5 0.210417 0.940278 0.076042 0.055556
5 0.321875 0.940278 0.070833 0.061111
5 0.444792 0.938889 0.069792 0.058333
5 0.560417 0.938889 0.068750 0.061111
2 0.675000 0.916667 0.105208 0.100000
5 0.791667 0.940278 0.073958 0.061111
5 0.906250 0.939583 0.077083 0.051389
