0 0.104167 0.164583 0.058333 0.156944
0 0.219792 0.169444 0.066667 0.152778
0 0.446875 0.168750 0.059375 0.156944
0 0.552083 0.172917 0.061458 0.148611
0 0.670833 0.169444 0.065625 0.155556
0 0.788542 0.172222 0.064583 0.147222
0 0.898958 0.168056 0.060417 0.155556
3 0.100000 0.405556 0.077083 0.186111
3 0.218750 0.405556 0.073958 0.180556
3 0.333333 0.402083 0.077083 0.181944
3 0.448958 0.404167 0.077083 0.183333
3 0.554167 0.406944 0.075000 0.183333
1 0.666667 0.415972 0.089583 0.165278
0 0.792708 0.424306 0.059375 0.148611
3 0.903125 0.406250 0.073958 0.181944
5 0.097917 0.717361 0.075000 0.051389
5 0.218750 0.718750 0.073958 0.059722
5 0.332292 0.721528 0.077083 0.054167
5 0.439583 0.715278 0.075000 0.058333
5 0.552083 0.719444 0.075000 0.055556
5 0.675000 0.722917 0.068750 0.051389
5 0.786458 0.714583 0.072917 0.059722
5 0.902083 0.722917 0.073958 0.051389
3 0.092708 0.878472 0.068750 0.176389
3 0.207292 0.877778 0.073958 0.177778
3 0.561458 0.880556 0.069792 0.175000
3 0.677083 0.875000 0.072917 0.183333
3 0.789583 0.877083 0.071875 0.179167
3 0.896875 0.876389 0.070833 0.183333
