1 0.096875 0.162500 0.089583 0.163889
1 0.213542 0.163889 0.090625 0.161111
4 0.334375 0.189583 0.086458 0.115278
1 0.447917 0.159028 0.097917 0.170833
1 0.563542 0.164583 0.096875 0.168056
1 0.677083 0.162500 0.090625 0.161111
1 0.786458 0.165278 0.092708 0.161111
1 0.900000 0.163194 0.094792 0.162500
0 0.096875 0.420139 0.058333 0.154167
0 0.214583 0.418750 0.063542 0.148611
0 0.329167 0.419444 0.058333 0.158333
0 0.447917 0.423611 0.060417 0.150000
0 0.561458 0.413889 0.063542 0.158333
0 0.667708 0.420833 0.058333 0.147222
0 0.896875 0.419444 0.058333 0.155556
3 0.094792 0.659028 0.077083 0.179167
3 0.445833 0.652778 0.071875 0.180556
3 0.562500 0.653472 0.073958 0.184722
3 0.668750 0.655556 0.072917 0.175000
3 0.783333 0.654861 0.077083 0.181944
3 0.906250 0.661111 0.077083 0.175000
5 0.095833 0.936806 0.071875 0.059722
5 0.213542 0.937500 0.071875 0.061111
5 0.321875 0.944444 0.070833 0.052778
5 0.443750 0.944444 0.076042 0.052778
5 0.556250 0.936111 0.072917 0.058333
5 0.666667 0.937500 0.072917 0.058333
5 0.894792 0.937500 0.071875 0.055556
