3 0.104167 0.151389 0.068750 0.183333
3 0.331250 0.156250 0.069792 0.176389
3 0.442708 0.161111 0.073958 0.175000
3 0.666667 0.154167 0.076042 0.177778
3 0.789583 0.159028 0.077083 0.179167
3 0.898958 0.156250 0.073958 0.181944
5 0.092708 0.463889 0.075000 0.061111
4 0.330208 0.436111 0.083333 0.113889
4 0.442708 0.438194 0.082292 0.109722
4 0.556250 0.442361 0.080208 0.106944
4 0.675000 0.443750 0.086458 0.106944
5 0.791667 0.470139 0.075000 0.056944
4 0.894792 0.441667 0.082292 0.113889
4 0.207292 0.691667 0.082292 0.113889
4 0.331250 0.691667 0.082292 0.111111
0 0.556250 0.668750 0.063542 0.151389
4 0.669792 0.694444 0.085417 0.108333
4 0.898958 0.694444 0.086458 0.105556
2 0.094792 0.920139 0.106250 0.095833
2 0.208333 0.924306 0.104167 0.093056
2 0.332292 0.919444 0.103125 0.102778
2 0.437500 0.923611 0.105208 0.094444
2 0.560417 0.920139 0.104167 0.095833
2 0.670833 0.923611 0.108333 0.094444
2 0.783333 0.923611 0.108333 0.091667
2 0.900000 0.925000 0.102083 0.091667
