4 0.207292 0.193750 0.085417 0.109722
4 0.331250 0.193056 0.085417 0.108333
4 0.440625 0.194444 0.080208 0.105556
4 0.561458 0.192361 0.083333 0.112500
4 0.677083 0.192361 0.080208 0.109722
4 0.788542 0.193056 0.082292 0.108333
4 0.898958 0.192361 0.085417 0.112500
2 0.104167 0.445833 0.104167 0.100000
2 0.217708 0.445833 0.100000 0.094444
2 0.325000 0.449306 0.104167 0.098611
2 0.554167 0.447917 0.105208 0.095833
2 0.670833 0.447222 0.108333 0.100000
2 0.780208 0.441667 0.103125 0.102778
4 0.905208 0.440972 0.080208 0.112500
2 0.104167 0.699306 0.101042 0.098611
2 0.215625 0.695833 0.104167 0.094444
2 0.321875 0.699306 0.106250 0.098611
2 0.441667 0.701389 0.105208 0.091667
2 0.665625 0.702778 0.101042 0.091667
3 0.098958 0.879861 0.075000 0.181944
3 0.217708 0.883333 0.077083 0.175000
3 0.333333 0.875000 0.076042 0.183333
3 0.439583 0.879861 0.076042 0.181944
3 0.562500 0.876389 0.070833 0.183333
3 0.666667 0.876389 0.072917 0.183333
3 0.787500 0.876389 0.069792 0.183333
3 0.898958 0.876389 0.073958 0.186111
