3 0.105208 0.155556 0.068750 0.183333
3 0.329167 0.158333 0.073958 0.180556
3 0.441667 0.156250 0.071875 0.176389
3 0.675000 0.158333 0.071875 0.177778
3 0.900000 0.152083 0.070833 0.184722
1 0.102083 0.415278 0.094792 0.166667
0 0.209375 0.420833 0.065625 0.152778
1 0.325000 0.411806 0.094792 0.165278
1 0.443750 0.412500 0.095833 0.172222
1 0.560417 0.411806 0.094792 0.162500
1 0.673958 0.413194 0.091667 0.168056
1 0.903125 0.415278 0.096875 0.163889
4 0.096875 0.686111 0.079167 0.113889
4 0.208333 0.694444 0.087500 0.105556
4 0.328125 0.690972 0.085417 0.112500
4 0.446875 0.691667 0.087500 0.108333
4 0.563542 0.690278 0.082292 0.105556
4 0.672917 0.690972 0.082292 0.109722
4 0.792708 0.694444 0.080208 0.105556
4 0.218750 0.910417 0.079167 0.109722
4 0.330208 0.913889 0.079167 0.108333
4 0.440625 0.911806 0.084375 0.109722
4 0.559375 0.912500 0.081250 0.113889
4 0.667708 0.911111 0.085417 0.113889
4 0.792708 0.915278 0.083333 0.108333
4 0.897917 0.911111 0.081250 0.113889
