5 0.097917 0.216667 0.070833 0.055556
5 0.441667 0.218056 0.072917 0.052778
5 0.563542 0.217361 0.070833 0.059722
5 0.667708 0.218750 0.077083 0.051389
5 0.904167 0.222222 0.077083 0.050000
4 0.103125 0.437500 0.079167 0.113889
2 0.208333 0.449306 0.103125 0.095833
4 0.330208 0.444444 0.086458 0.105556
4 0.443750 0.436111 0.084375 0.116667
4 0.780208 0.438194 0.082292 0.109722
4 0.902083 0.440278 0.085417 0.111111
0 0.095833 0.669444 0.064583 0.158333
0 0.208333 0.670139 0.064583 0.151389
0 0.332292 0.670139 0.058333 0.151389
0 0.557292 0.669444 0.061458 0.155556
0 0.666667 0.668750 0.061458 0.154167
0 0.785417 0.669444 0.061458 0.150000
0 0.906250 0.670139 0.065625 0.151389
3 0.094792 0.874306 0.071875 0.181944
3 0.209375 0.878472 0.072917 0.176389
3 0.436458 0.879861 0.077083 0.179167
3 0.561458 0.878472 0.068750 0.179167
3 0.901042 0.878472 0.075000 0.179167
