1 0.094792 0.164583 0.093750 0.165278
0 0.217708 0.170833 0.059375 0.155556
1 0.326042 0.158333 0.093750 0.169444
1 0.442708 0.162500 0.090625 0.166667
1 0.556250 0.168056 0.092708 0.161111
1 0.668750 0.165278 0.092708 0.166667
1 0.788542 0.166667 0.093750 0.163889
1 0.905208 0.159722 0.093750 0.172222
5 0.100000 0.472917 0.070833 0.051389
2 0.209375 0.449306 0.105208 0.095833
5 0.325000 0.466667 0.072917 0.061111
5 0.447917 0.471528 0.076042 0.054167
1 0.558333 0.409722 0.097917 0.169444
5 0.665625 0.470139 0.075000 0.051389
5 0.789583 0.468056 0.070833 0.058333
4 0.092708 0.691667 0.079167 0.108333
0 0.216667 0.670833 0.059375 0.150000
2 0.437500 0.694444 0.107292 0.102778
1 0.552083 0.660417 0.094792 0.165278
2 0.666667 0.696528 0.107292 0.095833
2 0.789583 0.695833 0.107292 0.097222
3 0.896875 0.655556 0.071875 0.175000
1 0.092708 0.884028 0.089583 0.162500
4 0.218750 0.913889 0.081250 0.108333
1 0.436458 0.881944 0.095833 0.169444
1 0.558333 0.881944 0.089583 0.166667
2 0.666667 0.922222 0.105208 0.091667
1 0.782292 0.888889 0.095833 0.161111
1 0.904167 0.884028 0.096875 0.170833
