3 0.094792 0.159028 0.076042 0.179167
3 0.208333 0.152083 0.070833 0.184722
3 0.327083 0.158333 0.077083 0.180556
3 0.443750 0.158333 0.068750 0.180556
3 0.673958 0.155556 0.073958 0.186111
3 0.783333 0.151389 0.072917 0.183333
3 0.902083 0.156944 0.068750 0.177778
4 0.092708 0.440278 0.081250 0.108333
4 0.208333 0.438194 0.087500 0.112500
4 0.438542 0.438194 0.085417 0.112500
4 0.558333 0.438194 0.086458 0.115278
4 0.672917 0.441667 0.085417 0.105556
4 0.784375 0.440972 0.085417 0.115278
4 0.896875 0.439583 0.079167 0.109722
2 0.092708 0.697917 0.107292 0.095833
2 0.216667 0.699306 0.104167 0.098611
2 0.441667 0.698611 0.101042 0.094444
2 0.558333 0.702778 0.103125 0.091667
2 0.787500 0.693056 0.100000 0.100000
2 0.906250 0.698611 0.105208 0.097222
0 0.100000 0.887500 0.064583 0.158333
0 0.216667 0.892361 0.062500 0.154167
0 0.325000 0.886111 0.063542 0.158333
0 0.447917 0.890278 0.063542 0.158333
0 0.551042 0.889583 0.065625 0.154167
0 0.668750 0.895833 0.058333 0.150000
0 0.786458 0.893750 0.065625 0.151389
