0 0.093750 0.169444 0.060417 0.158333
0 0.218750 0.172917 0.064583 0.151389
0 0.326042 0.165972 0.059375 0.154167
0 0.444792 0.163889 0.058333 0.158333
0 0.789583 0.167361 0.065625 0.154167
0 0.901042 0.170139 0.060417 0.154167
0 0.097917 0.418056 0.061458 0.158333
0 0.210417 0.421528 0.062500 0.148611
0 0.333333 0.421528 0.065625 0.151389
0 0.445833 0.422222 0.060417 0.147222
0 0.556250 0.424306 0.062500 0.148611
0 0.897917 0.415972 0.060417 0.154167
5 0.102083 0.718750 0.076042 0.059722
5 0.216667 0.715972 0.071875 0.059722
5 0.323958 0.722917 0.075000 0.051389
5 0.446875 0.717361 0.069792 0.054167
5 0.555208 0.720833 0.068750 0.052778
5 0.668750 0.718056 0.069792 0.052778
5 0.792708 0.714583 0.077083 0.059722
5 0.100000 0.938194 0.069792 0.054167
5 0.216667 0.936806 0.071875 0.059722
5 0.323958 0.943056 0.077083 0.052778
5 0.437500 0.938194 0.071875 0.059722
5 0.562500 0.943056 0.072917 0.055556
5 0.677083 0.936806 0.072917 0.059722
5 0.789583 0.940278 0.068750 0.055556
5 0.902083 0.935417 0.068750 0.059722
