3 0.100000 0.150694 0.076042 0.184722
3 0.209375 0.157639 0.069792 0.181944
3 0.331250 0.154167 0.073958 0.183333
3 0.437500 0.157639 0.072917 0.181944
3 0.563542 0.154861 0.077083 0.181944
5 0.669792 0.221528 0.069792 0.054167
3 0.782292 0.159028 0.077083 0.179167
3 0.905208 0.159028 0.073958 0.179167
3 0.101042 0.403472 0.069792 0.184722
3 0.212500 0.404167 0.070833 0.186111
3 0.551042 0.407639 0.075000 0.176389
3 0.675000 0.409028 0.071875 0.179167
3 0.792708 0.404167 0.068750 0.180556
3 0.907292 0.404167 0.077083 0.186111
4 0.105208 0.692361 0.082292 0.109722
1 0.328125 0.665278 0.095833 0.161111
5 0.447917 0.718750 0.071875 0.056944
1 0.562500 0.661111 0.096875 0.163889
4 0.670833 0.688889 0.086458 0.111111
1 0.788542 0.663194 0.095833 0.165278
1 0.904167 0.660417 0.095833 0.170833
2 0.095833 0.917361 0.100000 0.098611
2 0.219792 0.922222 0.107292 0.097222
2 0.323958 0.918056 0.104167 0.094444
2 0.447917 0.919444 0.100000 0.094444
2 0.561458 0.916667 0.102083 0.097222
2 0.677083 0.918056 0.102083 0.102778
2 0.789583 0.919444 0.101042 0.100000
2 0.900000 0.913889 0.108333 0.102778
