2 0.095833 0.194444 0.104167 0.097222
2 0.328125 0.200694 0.101042 0.095833
2 0.442708 0.194444 0.100000 0.097222
2 0.558333 0.198611 0.104167 0.091667
2 0.666667 0.196528 0.107292 0.101389
2 0.787500 0.192361 0.102083 0.101389
2 0.907292 0.199306 0.107292 0.095833
0 0.105208 0.418750 0.064583 0.151389
0 0.216667 0.420139 0.059375 0.156944
0 0.322917 0.420833 0.064583 0.155556
0 0.444792 0.414583 0.064583 0.156944
2 0.563542 0.448611 0.101042 0.100000
3 0.666667 0.405556 0.071875 0.177778
0 0.904167 0.423611 0.065625 0.147222
0 0.101042 0.670833 0.062500 0.150000
0 0.211458 0.663889 0.065625 0.158333
0 0.321875 0.672222 0.059375 0.150000
0 0.436458 0.664583 0.061458 0.156944
0 0.561458 0.669444 0.063542 0.158333
0 0.675000 0.671528 0.060417 0.154167
3 0.788542 0.655556 0.071875 0.183333
5 0.895833 0.713889 0.070833 0.058333
5 0.095833 0.942361 0.075000 0.056944
5 0.219792 0.939583 0.076042 0.054167
5 0.325000 0.935417 0.076042 0.059722
5 0.446875 0.940972 0.070833 0.059722
5 0.678125 0.943056 0.075000 0.052778
5 0.786458 0.934722 0.072917 0.061111
5 0.901042 0.944444 0.069792 0.050000
