5 0.217708 0.213889 0.077083 0.061111
5 0.441667 0.213889 0.073958 0.061111
5 0.677083 0.221528 0.077083 0.054167
5 0.788542 0.222222 0.069792 0.050000
5 0.894792 0.219444 0.069792 0.055556
2 0.103125 0.444444 0.105208 0.100000
2 0.208333 0.450000 0.108333 0.097222
2 0.327083 0.445139 0.101042 0.098611
2 0.446875 0.445139 0.107292 0.098611
2 0.558333 0.450000 0.105208 0.094444
2 0.678125 0.443056 0.107292 0.100000
2 0.787500 0.441667 0.104167 0.102778
2 0.894792 0.450694 0.100000 0.093056
5 0.098958 0.714583 0.068750 0.056944
5 0.218750 0.718750 0.077083 0.056944
5 0.334375 0.715972 0.068750 0.056944
5 0.448958 0.719444 0.073958 0.050000
5 0.551042 0.714583 0.068750 0.059722
5 0.668750 0.719444 0.072917 0.052778
5 0.788542 0.721528 0.075000 0.054167
5 0.906250 0.720139 0.076042 0.054167
3 0.103125 0.877083 0.069792 0.176389
3 0.213542 0.878472 0.068750 0.176389
3 0.323958 0.880556 0.068750 0.175000
3 0.436458 0.876389 0.077083 0.180556
3 0.551042 0.875000 0.073958 0.180556
3 0.669792 0.877083 0.071875 0.181944
3 0.783333 0.879861 0.077083 0.176389
3 0.894792 0.883333 0.072917 0.175000
