3 0.328125 0.155556 0.077083 0.183333
3 0.558333 0.156944 0.068750 0.177778
3 0.670833 0.156944 0.077083 0.175000
3 0.897917 0.153472 0.070833 0.179167
0 0.096875 0.422222 0.066667 0.150000
0 0.208333 0.418056 0.064583 0.150000
0 0.330208 0.418056 0.066667 0.150000
3 0.437500 0.401389 0.077083 0.186111
0 0.561458 0.416667 0.060417 0.158333
0 0.675000 0.415972 0.059375 0.156944
0 0.780208 0.415972 0.065625 0.156944
1 0.104167 0.661806 0.097917 0.168056
2 0.210417 0.697917 0.108333 0.095833
1 0.321875 0.659722 0.091667 0.169444
1 0.447917 0.662500 0.089583 0.169444
1 0.554167 0.659722 0.096875 0.166667
1 0.791667 0.660417 0.091667 0.168056
1 0.902083 0.656944 0.097917 0.172222
2 0.103125 0.921528 0.101042 0.095833
2 0.217708 0.917361 0.101042 0.101389
2 0.325000 0.917361 0.104167 0.095833
2 0.446875 0.921528 0.100000 0.098611
2 0.669792 0.918056 0.107292 0.102778
2 0.782292 0.915278 0.106250 0.100000
2 0.900000 0.918750 0.102083 0.098611
