1 0.094792 0.158333 0.093750 0.169444
0 0.213542 0.173611 0.059375 0.150000
1 0.327083 0.161806 0.094792 0.168056
5 0.437500 0.216667 0.076042 0.058333
1 0.669792 0.162500 0.096875 0.161111
1 0.904167 0.159722 0.095833 0.166667
2 0.096875 0.444444 0.105208 0.100000
2 0.219792 0.447917 0.107292 0.101389
2 0.327083 0.447222 0.105208 0.100000
2 0.444792 0.447222 0.104167 0.102778
2 0.553125 0.450000 0.100000 0.091667
2 0.671875 0.451389 0.106250 0.091667
2 0.784375 0.444444 0.107292 0.097222
2 0.906250 0.443750 0.101042 0.101389
0 0.100000 0.672222 0.058333 0.152778
0 0.215625 0.668056 0.059375 0.155556
0 0.333333 0.665278 0.061458 0.158333
0 0.445833 0.673611 0.063542 0.147222
0 0.551042 0.665972 0.066667 0.156944
0 0.677083 0.667361 0.066667 0.154167
0 0.784375 0.669444 0.061458 0.152778
0 0.904167 0.665972 0.064583 0.154167
0 0.217708 0.896528 0.060417 0.148611
0 0.328125 0.895139 0.060417 0.151389
0 0.554167 0.893056 0.061458 0.150000
0 0.670833 0.893056 0.060417 0.150000
0 0.788542 0.887500 0.065625 0.155556
0 0.897917 0.886806 0.058333 0.156944
