5 0.097917 0.220833 0.071875 0.050000
5 0.213542 0.220139 0.077083 0.054167
5 0.331250 0.215972 0.068750 0.056944
5 0.439583 0.220833 0.071875 0.050000
5 0.557292 0.213889 0.075000 0.058333
5 0.672917 0.220833 0.075000 0.050000
5 0.901042 0.219444 0.070833 0.052778
0 0.102083 0.418750 0.062500 0.154167
0 0.213542 0.418750 0.061458 0.154167
0 0.334375 0.420139 0.065625 0.156944
0 0.443750 0.417361 0.063542 0.154167
0 0.556250 0.418056 0.063542 0.150000
0 0.672917 0.420833 0.062500 0.155556
0 0.789583 0.415972 0.060417 0.156944
0 0.898958 0.420139 0.064583 0.156944
0 0.092708 0.670833 0.063542 0.152778
4 0.211458 0.690278 0.080208 0.108333
0 0.322917 0.667361 0.066667 0.154167
0 0.440625 0.670139 0.064583 0.148611
0 0.557292 0.670833 0.060417 0.147222
0 0.787500 0.668750 0.065625 0.151389
0 0.906250 0.672917 0.061458 0.151389
0 0.095833 0.893056 0.064583 0.147222
5 0.217708 0.937500 0.069792 0.061111
4 0.439583 0.915972 0.082292 0.106944
5 0.560417 0.941667 0.069792 0.050000
5 0.668750 0.939583 0.076042 0.059722
5 0.783333 0.943056 0.073958 0.050000
5 0.907292 0.936806 0.071875 0.056944
