4 0.101042 0.186111 0.082292 0.116667
4 0.218750 0.188194 0.086458 0.115278
4 0.333333 0.190278 0.084375 0.111111
4 0.442708 0.190278 0.079167 0.108333
4 0.668750 0.186806 0.085417 0.112500
4 0.788542 0.186806 0.087500 0.115278
4 0.897917 0.187500 0.083333 0.111111
3 0.093750 0.402778 0.073958 0.180556
3 0.217708 0.401389 0.072917 0.186111
3 0.445833 0.402778 0.071875 0.180556
3 0.667708 0.405556 0.068750 0.180556
2 0.786458 0.450694 0.102083 0.095833
2 0.098958 0.693056 0.106250 0.100000
2 0.217708 0.697222 0.105208 0.094444
2 0.331250 0.698611 0.101042 0.097222
2 0.444792 0.700000 0.101042 0.094444
2 0.558333 0.693056 0.106250 0.100000
2 0.896875 0.699306 0.108333 0.098611
0 0.100000 0.897222 0.064583 0.147222
0 0.326042 0.896528 0.063542 0.148611
0 0.559375 0.890972 0.058333 0.151389
0 0.676042 0.891667 0.060417 0.152778
