0 0.101042 0.172917 0.064583 0.151389
0 0.214583 0.168750 0.062500 0.151389
0 0.333333 0.170833 0.059375 0.155556
0 0.442708 0.169444 0.065625 0.158333
4 0.098958 0.444444 0.087500 0.108333
4 0.212500 0.440972 0.079167 0.106944
4 0.322917 0.443056 0.084375 0.111111
4 0.443750 0.442361 0.080208 0.106944
4 0.551042 0.440278 0.086458 0.111111
4 0.675000 0.436111 0.084375 0.116667
4 0.895833 0.443750 0.083333 0.109722
0 0.098958 0.666667 0.060417 0.152778
0 0.213542 0.669444 0.065625 0.150000
3 0.321875 0.653472 0.075000 0.184722
0 0.446875 0.666667 0.063542 0.152778
0 0.560417 0.671528 0.061458 0.154167
0 0.677083 0.668056 0.059375 0.158333
0 0.894792 0.668056 0.062500 0.155556
5 0.094792 0.940972 0.071875 0.056944
5 0.329167 0.934722 0.077083 0.061111
5 0.443750 0.940278 0.077083 0.055556
5 0.555208 0.940278 0.068750 0.058333
5 0.676042 0.937500 0.071875 0.061111
5 0.792708 0.938889 0.073958 0.061111
5 0.904167 0.941667 0.070833 0.055556
