3 0.101042 0.154167 0.072917 0.177778
3 0.214583 0.158333 0.070833 0.175000
3 0.323958 0.159028 0.073958 0.176389
2 0.442708 0.196528 0.106250 0.098611
3 0.554167 0.154861 0.077083 0.176389
3 0.669792 0.151389 0.077083 0.183333
3 0.907292 0.154861 0.073958 0.179167
3 0.098958 0.403472 0.077083 0.184722
3 0.329167 0.404861 0.073958 0.181944
3 0.560417 0.404861 0.077083 0.179167
3 0.676042 0.408333 0.072917 0.177778
3 0.780208 0.408333 0.069792 0.177778
3 0.902083 0.408333 0.075000 0.177778
1 0.095833 0.661806 0.096875 0.168056
3 0.217708 0.656250 0.073958 0.181944
3 0.321875 0.650000 0.070833 0.186111
1 0.436458 0.660417 0.093750 0.168056
3 0.555208 0.653472 0.073958 0.179167
3 0.786458 0.654167 0.069792 0.186111
3 0.902083 0.656944 0.076042 0.180556
0 0.101042 0.892361 0.066667 0.151389
0 0.214583 0.890972 0.066667 0.156944
0 0.323958 0.893056 0.062500 0.150000
0 0.672917 0.894444 0.065625 0.150000
0 0.785417 0.887500 0.066667 0.158333
0 0.906250 0.893750 0.058333 0.151389
