0 0.104167 0.165972 0.066667 0.154167
2 0.322917 0.195833 0.100000 0.102778
0 0.443750 0.169444 0.064583 0.158333
0 0.554167 0.170833 0.065625 0.147222
0 0.677083 0.168750 0.062500 0.151389
0 0.901042 0.166667 0.058333 0.152778
0 0.104167 0.420139 0.063542 0.154167
0 0.332292 0.419444 0.060417 0.150000
0 0.675000 0.419444 0.066667 0.158333
0 0.781250 0.417361 0.065625 0.154167
0 0.895833 0.419444 0.061458 0.158333
5 0.100000 0.713889 0.072917 0.061111
5 0.330208 0.713889 0.077083 0.058333
5 0.563542 0.716667 0.076042 0.058333
5 0.670833 0.718056 0.073958 0.061111
5 0.790625 0.720139 0.073958 0.054167
5 0.904167 0.717361 0.071875 0.054167
2 0.097917 0.918056 0.103125 0.102778
2 0.210417 0.920139 0.101042 0.098611
2 0.448958 0.917361 0.105208 0.098611
2 0.562500 0.919444 0.107292 0.102778
2 0.678125 0.919444 0.108333 0.102778
0 0.790625 0.890278 0.065625 0.150000
2 0.898958 0.922222 0.101042 0.094444
