4 0.105208 0.186806 0.086458 0.115278
4 0.442708 0.186111 0.082292 0.113889
4 0.555208 0.187500 0.082292 0.111111
4 0.670833 0.190972 0.080208 0.112500
4 0.792708 0.185417 0.086458 0.115278
4 0.902083 0.190972 0.087500 0.112500
4 0.095833 0.445833 0.087500 0.105556
4 0.213542 0.442361 0.079167 0.112500
4 0.333333 0.436806 0.083333 0.112500
4 0.439583 0.443056 0.086458 0.111111
1 0.559375 0.407639 0.090625 0.170833
4 0.678125 0.440278 0.087500 0.111111
4 0.786458 0.440972 0.079167 0.115278
4 0.902083 0.436806 0.080208 0.112500
0 0.095833 0.667361 0.061458 0.154167
0 0.209375 0.668056 0.059375 0.152778
0 0.330208 0.670139 0.059375 0.151389
0 0.552083 0.670833 0.061458 0.150000
3 0.901042 0.659028 0.068750 0.176389
2 0.105208 0.922917 0.108333 0.093056
2 0.214583 0.921528 0.107292 0.093056
2 0.328125 0.917361 0.104167 0.098611
0 0.443750 0.888194 0.063542 0.156944
2 0.790625 0.913889 0.105208 0.102778
2 0.896875 0.918056 0.103125 0.102778
