5 0.098958 0.216667 0.072917 0.061111
0 0.209375 0.168056 0.060417 0.155556
0 0.322917 0.164583 0.064583 0.156944
0 0.438542 0.170139 0.061458 0.151389
0 0.554167 0.165972 0.058333 0.156944
0 0.675000 0.166667 0.065625 0.152778
0 0.787500 0.170139 0.059375 0.156944
0 0.902083 0.166667 0.060417 0.152778
0 0.101042 0.422917 0.058333 0.148611
0 0.212500 0.415278 0.063542 0.155556
0 0.321875 0.420833 0.065625 0.147222
0 0.442708 0.420139 0.060417 0.154167
0 0.554167 0.418056 0.059375 0.150000
0 0.894792 0.422222 0.058333 0.150000
1 0.105208 0.662500 0.092708 0.161111
1 0.332292 0.659028 0.095833 0.170833
1 0.437500 0.665972 0.095833 0.162500
1 0.563542 0.658333 0.091667 0.169444
1 0.667708 0.661111 0.094792 0.172222
4 0.094792 0.913889 0.083333 0.105556
4 0.207292 0.908333 0.084375 0.116667
4 0.321875 0.913194 0.086458 0.112500
4 0.441667 0.912500 0.083333 0.108333
4 0.555208 0.913889 0.083333 0.113889
4 0.665625 0.912500 0.079167 0.113889
4 0.782292 0.912500 0.087500 0.113889
4 0.905208 0.911806 0.087500 0.112500
