0 0.328125 0.169444 0.063542 0.150000
0 0.446875 0.170139 0.065625 0.154167
0 0.556250 0.168056 0.065625 0.150000
0 0.678125 0.170139 0.066667 0.156944
0 0.907292 0.172917 0.066667 0.148611
1 0.104167 0.414583 0.089583 0.165278
1 0.215625 0.417361 0.097917 0.162500
1 0.323958 0.414583 0.096875 0.162500
1 0.448958 0.415972 0.092708 0.162500
4 0.561458 0.440278 0.082292 0.111111
1 0.780208 0.417361 0.094792 0.162500
1 0.900000 0.414583 0.095833 0.165278
0 0.092708 0.668056 0.061458 0.150000
0 0.214583 0.667361 0.062500 0.151389
0 0.331250 0.668056 0.060417 0.158333
0 0.440625 0.672917 0.059375 0.151389
4 0.667708 0.688889 0.087500 0.113889
0 0.788542 0.670139 0.065625 0.148611
0 0.903125 0.668056 0.058333 0.155556
2 0.096875 0.920833 0.104167 0.091667
2 0.213542 0.920139 0.107292 0.095833
2 0.326042 0.923611 0.101042 0.094444
2 0.443750 0.917361 0.105208 0.098611
2 0.559375 0.916667 0.103125 0.100000
2 0.667708 0.918056 0.107292 0.094444
2 0.786458 0.921528 0.103125 0.095833
2 0.902083 0.919444 0.103125 0.100000
