3 0.094792 0.159028 0.072917 0.176389
1 0.212500 0.159028 0.095833 0.170833
3 0.322917 0.153472 0.075000 0.179167
3 0.448958 0.151389 0.072917 0.183333
3 0.551042 0.158333 0.072917 0.175000
3 0.678125 0.156944 0.077083 0.183333
0 0.792708 0.165278 0.061458 0.155556
0 0.907292 0.165972 0.065625 0.156944
2 0.101042 0.442361 0.100000 0.101389
2 0.326042 0.452778 0.100000 0.091667
2 0.445833 0.447917 0.105208 0.098611
2 0.561458 0.450000 0.108333 0.097222
2 0.678125 0.442361 0.101042 0.101389
0 0.786458 0.422222 0.062500 0.150000
2 0.897917 0.442361 0.107292 0.101389
2 0.101042 0.698611 0.102083 0.097222
2 0.217708 0.695139 0.106250 0.098611
2 0.325000 0.699306 0.104167 0.093056
2 0.436458 0.696528 0.106250 0.101389
2 0.558333 0.699306 0.103125 0.098611
2 0.675000 0.693056 0.106250 0.102778
2 0.780208 0.692361 0.108333 0.101389
2 0.898958 0.696528 0.103125 0.095833
3 0.097917 0.875694 0.070833 0.181944
3 0.207292 0.877778 0.068750 0.175000
3 0.331250 0.881250 0.075000 0.176389
3 0.438542 0.877083 0.077083 0.176389
3 0.559375 0.878472 0.070833 0.179167
3 0.672917 0.875000 0.077083 0.183333
3 0.905208 0.874306 0.076042 0.184722
