1 0.105208 0.163194 0.097917 0.165278
1 0.210417 0.167361 0.095833 0.162500
1 0.333333 0.166667 0.095833 0.161111
3 0.444792 0.154861 0.077083 0.179167
1 0.669792 0.163889 0.095833 0.161111
1 0.783333 0.166667 0.090625 0.161111
1 0.900000 0.161111 0.095833 0.163889
1 0.102083 0.412500 0.097917 0.172222
1 0.215625 0.412500 0.095833 0.161111
1 0.436458 0.409722 0.092708 0.169444
1 0.555208 0.409722 0.097917 0.172222
1 0.901042 0.409028 0.096875 0.170833
5 0.105208 0.720833 0.077083 0.050000
4 0.212500 0.689583 0.086458 0.115278
4 0.558333 0.688889 0.086458 0.111111
5 0.786458 0.715278 0.076042 0.055556
5 0.903125 0.713194 0.069792 0.059722
1 0.101042 0.886806 0.096875 0.168056
1 0.213542 0.886111 0.091667 0.161111
1 0.328125 0.883333 0.096875 0.163889
0 0.558333 0.896528 0.058333 0.148611
1 0.668750 0.888889 0.091667 0.163889
1 0.789583 0.890278 0.091667 0.161111
