3 0.209375 0.157639 0.077083 0.181944
3 0.325000 0.152778 0.069792 0.186111
3 0.447917 0.160417 0.071875 0.176389
3 0.678125 0.152083 0.071875 0.181944
3 0.786458 0.154167 0.071875 0.183333
5 0.904167 0.220833 0.077083 0.052778
5 0.101042 0.469444 0.075000 0.050000
5 0.213542 0.466667 0.072917 0.058333
5 0.332292 0.470833 0.070833 0.055556
5 0.558333 0.468750 0.072917 0.059722
5 0.678125 0.468056 0.068750 0.055556
5 0.781250 0.470833 0.068750 0.050000
5 0.906250 0.465278 0.069792 0.058333
5 0.100000 0.715278 0.077083 0.055556
5 0.213542 0.717361 0.075000 0.054167
5 0.331250 0.715278 0.075000 0.055556
5 0.443750 0.715278 0.077083 0.058333
5 0.561458 0.723611 0.072917 0.050000
5 0.673958 0.718750 0.073958 0.051389
5 0.781250 0.716667 0.072917 0.055556
5 0.898958 0.718056 0.075000 0.050000
2 0.104167 0.920833 0.101042 0.094444
2 0.214583 0.915972 0.108333 0.098611
2 0.332292 0.920139 0.106250 0.095833
2 0.563542 0.918056 0.102083 0.100000
2 0.668750 0.916667 0.105208 0.097222
2 0.780208 0.925000 0.103125 0.091667
2 0.901042 0.925000 0.102083 0.091667
