0 0.097917 0.171528 0.064583 0.148611
2 0.441667 0.193750 0.104167 0.098611
5 0.554167 0.218056 0.068750 0.061111
0 0.671875 0.166667 0.060417 0.152778
0 0.788542 0.168750 0.062500 0.151389
0 0.904167 0.170833 0.063542 0.150000
5 0.097917 0.466667 0.076042 0.058333
5 0.208333 0.470139 0.071875 0.056944
5 0.321875 0.463889 0.073958 0.058333
5 0.557292 0.468750 0.068750 0.056944
5 0.669792 0.468056 0.077083 0.050000
0 0.786458 0.415278 0.064583 0.155556
5 0.898958 0.465278 0.077083 0.061111
3 0.100000 0.658333 0.073958 0.177778
3 0.219792 0.656944 0.070833 0.177778
3 0.325000 0.659028 0.071875 0.176389
0 0.436458 0.665278 0.059375 0.158333
3 0.551042 0.655556 0.071875 0.183333
3 0.675000 0.650000 0.069792 0.186111
3 0.791667 0.656944 0.070833 0.180556
3 0.897917 0.658333 0.069792 0.175000
1 0.103125 0.879167 0.090625 0.172222
1 0.212500 0.883333 0.092708 0.163889
2 0.331250 0.922222 0.106250 0.091667
1 0.552083 0.882639 0.097917 0.165278
1 0.670833 0.886111 0.095833 0.166667
1 0.787500 0.887500 0.093750 0.161111
1 0.904167 0.887500 0.093750 0.166667
