3 0.104167 0.155556 0.070833 0.180556
3 0.211458 0.159722 0.076042 0.177778
3 0.325000 0.152778 0.068750 0.186111
3 0.436458 0.159722 0.069792 0.175000
3 0.551042 0.152778 0.069792 0.186111
4 0.672917 0.188194 0.086458 0.112500
3 0.786458 0.153472 0.077083 0.184722
3 0.900000 0.154167 0.075000 0.186111
5 0.100000 0.468056 0.072917 0.061111
5 0.207292 0.465972 0.069792 0.054167
5 0.325000 0.465972 0.072917 0.056944
5 0.440625 0.469444 0.077083 0.055556
5 0.561458 0.468750 0.068750 0.056944
5 0.788542 0.467361 0.069792 0.051389
5 0.900000 0.470139 0.073958 0.056944
4 0.103125 0.689583 0.082292 0.109722
4 0.215625 0.689583 0.080208 0.106944
4 0.321875 0.688889 0.082292 0.113889
4 0.439583 0.691667 0.080208 0.111111
4 0.557292 0.690972 0.083333 0.115278
4 0.676042 0.688889 0.080208 0.116667
4 0.784375 0.686111 0.079167 0.116667
5 0.905208 0.718056 0.076042 0.050000
2 0.092708 0.918056 0.107292 0.097222
1 0.216667 0.883333 0.096875 0.169444
1 0.321875 0.886806 0.090625 0.165278
1 0.441667 0.888194 0.097917 0.165278
1 0.560417 0.882639 0.093750 0.168056
5 0.670833 0.940278 0.070833 0.055556
1 0.792708 0.883333 0.096875 0.166667
1 0.896875 0.886806 0.095833 0.165278
