1 0.096875 0.163889 0.089583 0.169444
1 0.218750 0.159028 0.094792 0.170833
1 0.334375 0.163194 0.093750 0.170833
1 0.444792 0.161111 0.092708 0.163889
1 0.554167 0.163194 0.094792 0.165278
1 0.673958 0.157639 0.097917 0.170833
1 0.790625 0.165278 0.092708 0.161111
1 0.907292 0.159722 0.089583 0.172222
3 0.208333 0.406250 0.077083 0.176389
3 0.322917 0.402778 0.071875 0.183333
3 0.436458 0.402083 0.076042 0.181944
3 0.557292 0.406944 0.071875 0.180556
3 0.665625 0.405556 0.069792 0.186111
3 0.789583 0.402778 0.072917 0.180556
3 0.903125 0.405556 0.076042 0.177778
2 0.101042 0.702778 0.105208 0.091667
2 0.325000 0.697222 0.101042 0.097222
2 0.552083 0.696528 0.104167 0.095833
2 0.669792 0.696528 0.104167 0.093056
2 0.784375 0.702083 0.103125 0.093056
2 0.904167 0.701389 0.104167 0.094444
1 0.212500 0.883333 0.095833 0.166667
1 0.322917 0.880556 0.096875 0.172222
1 0.436458 0.889583 0.090625 0.162500
1 0.558333 0.880556 0.097917 0.172222
1 0.672917 0.888889 0.093750 0.163889
1 0.782292 0.883333 0.091667 0.172222
1 0.900000 0.879861 0.091667 0.170833
