0 0.104167 0.170139 0.063542 0.151389
0 0.447917 0.168750 0.061458 0.148611
0 0.562500 0.170139 0.060417 0.148611
3 0.677083 0.154167 0.072917 0.183333
3 0.784375 0.158333 0.073958 0.175000
0 0.905208 0.172222 0.064583 0.150000
3 0.093750 0.402778 0.076042 0.180556
3 0.209375 0.400694 0.068750 0.184722
3 0.330208 0.409722 0.075000 0.175000
3 0.439583 0.400000 0.069792 0.186111
3 0.561458 0.404861 0.073958 0.181944
3 0.672917 0.407639 0.073958 0.176389
3 0.905208 0.407639 0.075000 0.176389
0 0.098958 0.664583 0.061458 0.156944
5 0.207292 0.720833 0.076042 0.050000
5 0.332292 0.718750 0.077083 0.059722
5 0.677083 0.717361 0.068750 0.054167
5 0.789583 0.714583 0.069792 0.059722
5 0.907292 0.718750 0.071875 0.051389
2 0.219792 0.917361 0.105208 0.095833
2 0.558333 0.919444 0.108333 0.094444
2 0.665625 0.922222 0.106250 0.094444
5 0.791667 0.940278 0.072917 0.058333
2 0.896875 0.922917 0.106250 0.095833
