4 0.093750 0.193056 0.082292 0.111111
4 0.208333 0.189583 0.079167 0.112500
4 0.333333 0.188889 0.084375 0.113889
4 0.448958 0.186111 0.080208 0.116667
4 0.553125 0.193056 0.083333 0.108333
4 0.673958 0.194444 0.081250 0.108333
4 0.780208 0.190278 0.084375 0.113889
4 0.907292 0.189583 0.086458 0.106944
0 0.094792 0.416667 0.060417 0.152778
5 0.214583 0.468056 0.076042 0.055556
0 0.328125 0.420833 0.063542 0.152778
0 0.437500 0.420139 0.063542 0.154167
0 0.562500 0.420833 0.058333 0.147222
0 0.666667 0.416667 0.060417 0.155556
0 0.781250 0.414583 0.066667 0.156944
0 0.900000 0.421528 0.063542 0.148611
1 0.103125 0.662500 0.096875 0.163889
0 0.219792 0.670139 0.058333 0.154167
5 0.326042 0.716667 0.075000 0.055556
5 0.444792 0.715278 0.076042 0.058333
0 0.668750 0.670833 0.062500 0.150000
0 0.791667 0.671528 0.064583 0.154167
0 0.900000 0.670833 0.059375 0.150000
1 0.101042 0.881944 0.095833 0.166667
1 0.218750 0.884028 0.089583 0.165278
1 0.332292 0.888194 0.092708 0.165278
1 0.561458 0.884028 0.090625 0.170833
1 0.666667 0.882639 0.097917 0.168056
1 0.786458 0.883333 0.097917 0.169444
1 0.905208 0.884028 0.090625 0.162500
