2 0.095833 0.194444 0.103125 0.102778
2 0.214583 0.200000 0.103125 0.091667
2 0.334375 0.197222 0.100000 0.094444
2 0.438542 0.196528 0.100000 0.095833
2 0.561458 0.200000 0.100000 0.094444
2 0.784375 0.191667 0.100000 0.102778
2 0.896875 0.196528 0.105208 0.095833
5 0.094792 0.465278 0.075000 0.055556
5 0.209375 0.472222 0.076042 0.052778
5 0.333333 0.468056 0.072917 0.052778
5 0.436458 0.468056 0.069792 0.061111
5 0.563542 0.465972 0.070833 0.059722
5 0.667708 0.469444 0.069792 0.050000
5 0.786458 0.472917 0.069792 0.051389
5 0.905208 0.465972 0.077083 0.054167
4 0.213542 0.695139 0.086458 0.106944
4 0.321875 0.689583 0.079167 0.106944
4 0.440625 0.693056 0.086458 0.111111
3 0.555208 0.654861 0.069792 0.184722
4 0.668750 0.688194 0.087500 0.112500
2 0.094792 0.918750 0.100000 0.101389
2 0.209375 0.915972 0.108333 0.098611
2 0.331250 0.920139 0.106250 0.095833
2 0.445833 0.920833 0.104167 0.091667
2 0.554167 0.918056 0.102083 0.100000
2 0.669792 0.918750 0.100000 0.098611
2 0.901042 0.918056 0.102083 0.102778
