5 0.210417 0.222222 0.076042 0.052778
5 0.322917 0.216667 0.077083 0.052778
5 0.444792 0.218750 0.073958 0.056944
5 0.560417 0.218056 0.076042 0.058333
5 0.665625 0.218056 0.075000 0.058333
5 0.783333 0.222222 0.076042 0.052778
1 0.216667 0.415278 0.095833 0.163889
1 0.332292 0.415278 0.097917 0.161111
1 0.436458 0.412500 0.093750 0.169444
1 0.552083 0.416667 0.092708 0.163889
1 0.666667 0.415278 0.093750 0.163889
1 0.784375 0.411111 0.094792 0.169444
1 0.895833 0.413889 0.093750 0.166667
5 0.093750 0.719444 0.075000 0.055556
5 0.214583 0.718056 0.068750 0.055556
5 0.327083 0.723611 0.075000 0.050000
5 0.446875 0.718056 0.070833 0.061111
5 0.563542 0.714583 0.068750 0.059722
5 0.672917 0.714583 0.077083 0.059722
5 0.784375 0.721528 0.076042 0.054167
2 0.903125 0.700000 0.100000 0.091667
4 0.214583 0.913889 0.080208 0.113889
4 0.328125 0.911111 0.084375 0.108333
4 0.439583 0.911111 0.085417 0.116667
4 0.558333 0.909722 0.084375 0.111111
4 0.669792 0.915972 0.085417 0.109722
4 0.782292 0.911111 0.082292 0.113889
4 0.900000 0.918056 0.082292 0.105556
