5 0.096875 0.217361 0.068750 0.051389
5 0.216667 0.222917 0.073958 0.051389
5 0.323958 0.215972 0.076042 0.059722
5 0.439583 0.221528 0.073958 0.054167
5 0.667708 0.219444 0.068750 0.058333
5 0.790625 0.219444 0.075000 0.050000
0 0.102083 0.418056 0.061458 0.152778
4 0.216667 0.436806 0.086458 0.115278
0 0.329167 0.419444 0.059375 0.155556
0 0.440625 0.419444 0.058333 0.155556
0 0.665625 0.420139 0.066667 0.156944
0 0.784375 0.416667 0.058333 0.158333
0 0.895833 0.418750 0.061458 0.151389
1 0.098958 0.661806 0.097917 0.170833
1 0.211458 0.663889 0.096875 0.166667
1 0.330208 0.661111 0.095833 0.169444
1 0.562500 0.660417 0.092708 0.168056
1 0.676042 0.662500 0.094792 0.161111
1 0.786458 0.661806 0.089583 0.170833
1 0.895833 0.661806 0.097917 0.165278
3 0.101042 0.876389 0.073958 0.180556
3 0.322917 0.876389 0.077083 0.186111
3 0.447917 0.876389 0.076042 0.183333
5 0.561458 0.940278 0.069792 0.050000
3 0.675000 0.881944 0.069792 0.177778
3 0.782292 0.881250 0.068750 0.176389
3 0.901042 0.879861 0.069792 0.181944
