0 0.208333 0.172917 0.058333 0.148611
0 0.325000 0.167361 0.062500 0.156944
0 0.447917 0.172222 0.062500 0.152778
0 0.558333 0.169444 0.059375 0.155556
0 0.668750 0.168056 0.062500 0.150000
0 0.792708 0.164583 0.066667 0.156944
0 0.907292 0.170833 0.061458 0.147222
2 0.104167 0.443750 0.103125 0.101389
2 0.215625 0.447222 0.104167 0.102778
2 0.323958 0.446528 0.107292 0.095833
2 0.557292 0.443056 0.103125 0.102778
3 0.671875 0.401389 0.076042 0.186111
4 0.901042 0.438889 0.083333 0.116667
5 0.096875 0.718056 0.075000 0.055556
2 0.214583 0.697222 0.104167 0.094444
5 0.330208 0.722222 0.077083 0.050000
5 0.438542 0.720833 0.068750 0.052778
5 0.563542 0.714583 0.070833 0.059722
5 0.671875 0.715278 0.069792 0.058333
5 0.787500 0.720833 0.076042 0.052778
5 0.897917 0.717361 0.068750 0.056944
2 0.095833 0.916667 0.106250 0.102778
2 0.219792 0.916667 0.104167 0.100000
2 0.334375 0.915278 0.103125 0.100000
2 0.448958 0.918750 0.101042 0.093056
2 0.559375 0.920139 0.103125 0.093056
4 0.668750 0.913889 0.086458 0.105556
1 0.782292 0.887500 0.092708 0.163889
2 0.902083 0.918056 0.104167 0.097222
