0 0.101042 0.171528 0.065625 0.154167
1 0.213542 0.158333 0.096875 0.169444
4 0.326042 0.188889 0.082292 0.116667
4 0.448958 0.188194 0.086458 0.109722
4 0.562500 0.188194 0.081250 0.109722
4 0.676042 0.186806 0.086458 0.112500
4 0.788542 0.190278 0.082292 0.105556
2 0.907292 0.200000 0.100000 0.094444
3 0.101042 0.404861 0.069792 0.181944
3 0.215625 0.404861 0.071875 0.181944
3 0.330208 0.404167 0.070833 0.177778
3 0.438542 0.402778 0.071875 0.183333
3 0.553125 0.408333 0.073958 0.175000
3 0.672917 0.400000 0.075000 0.186111
3 0.792708 0.402083 0.073958 0.184722
2 0.094792 0.697222 0.102083 0.102778
2 0.334375 0.699306 0.106250 0.098611
5 0.436458 0.715278 0.069792 0.058333
2 0.907292 0.693750 0.104167 0.101389
2 0.105208 0.921528 0.108333 0.095833
2 0.210417 0.921528 0.100000 0.093056
2 0.326042 0.918750 0.102083 0.093056
2 0.448958 0.922222 0.101042 0.091667
2 0.552083 0.915278 0.102083 0.100000
2 0.677083 0.921528 0.106250 0.093056
2 0.792708 0.921528 0.101042 0.095833
2 0.907292 0.917361 0.105208 0.101389
