5 0.094792 0.215278 0.073958 0.055556
5 0.210417 0.218056 0.071875 0.058333
5 0.329167 0.216667 0.075000 0.061111
5 0.439583 0.220139 0.075000 0.051389
2 0.551042 0.197222 0.103125 0.102778
5 0.668750 0.221528 0.070833 0.054167
0 0.904167 0.167361 0.059375 0.151389
0 0.096875 0.419444 0.061458 0.155556
0 0.218750 0.425000 0.059375 0.147222
0 0.333333 0.420139 0.062500 0.156944
0 0.444792 0.417361 0.065625 0.151389
0 0.553125 0.414583 0.064583 0.156944
0 0.671875 0.420833 0.065625 0.150000
0 0.784375 0.420833 0.065625 0.150000
0 0.907292 0.422222 0.061458 0.150000
0 0.103125 0.668750 0.059375 0.156944
0 0.330208 0.670833 0.063542 0.155556
4 0.439583 0.688194 0.084375 0.115278
0 0.562500 0.668750 0.062500 0.151389
3 0.672917 0.658333 0.071875 0.177778
0 0.788542 0.670139 0.062500 0.154167
0 0.900000 0.671528 0.065625 0.148611
2 0.092708 0.919444 0.102083 0.097222
2 0.217708 0.922222 0.108333 0.097222
2 0.329167 0.920139 0.100000 0.095833
2 0.439583 0.921528 0.100000 0.098611
2 0.562500 0.923611 0.103125 0.094444
2 0.677083 0.922222 0.108333 0.091667
2 0.780208 0.920139 0.101042 0.098611
2 0.901042 0.920833 0.100000 0.094444
