4 0.100000 0.192361 0.087500 0.112500
4 0.208333 0.193056 0.079167 0.111111
4 0.330208 0.186111 0.081250 0.116667
4 0.443750 0.186111 0.079167 0.116667
4 0.552083 0.186111 0.080208 0.116667
4 0.670833 0.187500 0.079167 0.111111
4 0.786458 0.192361 0.080208 0.106944
4 0.906250 0.188889 0.082292 0.116667
1 0.103125 0.415278 0.091667 0.163889
1 0.333333 0.414583 0.091667 0.168056
3 0.442708 0.404861 0.076042 0.176389
1 0.558333 0.411111 0.096875 0.172222
1 0.667708 0.411806 0.089583 0.170833
4 0.902083 0.441667 0.080208 0.113889
4 0.097917 0.690278 0.082292 0.116667
4 0.217708 0.690972 0.081250 0.115278
4 0.334375 0.692361 0.084375 0.109722
4 0.438542 0.688194 0.079167 0.115278
3 0.551042 0.657639 0.070833 0.179167
4 0.784375 0.689583 0.079167 0.106944
4 0.903125 0.691667 0.081250 0.105556
4 0.095833 0.915278 0.085417 0.108333
4 0.219792 0.915278 0.082292 0.108333
4 0.332292 0.909028 0.082292 0.112500
4 0.448958 0.913194 0.085417 0.112500
4 0.557292 0.909722 0.082292 0.113889
4 0.668750 0.911806 0.083333 0.112500
4 0.791667 0.916667 0.084375 0.108333
5 0.902083 0.940972 0.077083 0.054167
