3 0.102083 0.155556 0.077083 0.175000
3 0.329167 0.152778 0.075000 0.186111
3 0.437500 0.152778 0.072917 0.180556
3 0.561458 0.161111 0.068750 0.175000
5 0.671875 0.215972 0.069792 0.059722
3 0.781250 0.157639 0.072917 0.176389
3 0.895833 0.152778 0.075000 0.183333
5 0.094792 0.472222 0.071875 0.052778
5 0.217708 0.465972 0.076042 0.059722
5 0.328125 0.464583 0.072917 0.059722
5 0.788542 0.468750 0.073958 0.056944
5 0.894792 0.465278 0.070833 0.058333
4 0.097917 0.693056 0.079167 0.111111
2 0.331250 0.697222 0.102083 0.094444
4 0.441667 0.693056 0.081250 0.105556
4 0.561458 0.690972 0.080208 0.106944
4 0.787500 0.691667 0.085417 0.108333
4 0.904167 0.688889 0.084375 0.116667
5 0.095833 0.942361 0.069792 0.054167
5 0.323958 0.945139 0.075000 0.051389
5 0.562500 0.939583 0.075000 0.051389
5 0.666667 0.938194 0.070833 0.059722
5 0.790625 0.937500 0.077083 0.061111
5 0.901042 0.940278 0.077083 0.061111
