3 0.105208 0.153472 0.070833 0.184722
1 0.209375 0.164583 0.090625 0.162500
3 0.330208 0.156944 0.076042 0.183333
3 0.446875 0.153472 0.069792 0.184722
3 0.563542 0.154167 0.073958 0.177778
3 0.665625 0.154167 0.077083 0.186111
3 0.789583 0.154167 0.075000 0.183333
3 0.900000 0.154167 0.072917 0.186111
2 0.103125 0.446528 0.106250 0.098611
2 0.210417 0.450694 0.102083 0.095833
2 0.333333 0.445139 0.101042 0.095833
2 0.556250 0.441667 0.102083 0.102778
2 0.677083 0.442361 0.100000 0.101389
2 0.791667 0.445833 0.105208 0.102778
2 0.902083 0.447222 0.100000 0.102778
0 0.104167 0.665278 0.059375 0.158333
4 0.326042 0.690972 0.086458 0.109722
4 0.446875 0.688889 0.087500 0.108333
4 0.563542 0.686806 0.084375 0.112500
4 0.668750 0.690972 0.086458 0.109722
4 0.791667 0.690278 0.080208 0.108333
4 0.903125 0.688889 0.087500 0.111111
0 0.103125 0.895833 0.060417 0.147222
0 0.210417 0.895139 0.064583 0.151389
0 0.332292 0.890278 0.065625 0.155556
0 0.555208 0.888194 0.058333 0.156944
5 0.675000 0.943056 0.068750 0.055556
0 0.787500 0.890972 0.064583 0.151389
0 0.904167 0.889583 0.059375 0.154167
