1 0.104167 0.161806 0.091667 0.165278
1 0.217708 0.165278 0.090625 0.166667
1 0.328125 0.163889 0.093750 0.161111
1 0.447917 0.164583 0.094792 0.162500
1 0.559375 0.161111 0.095833 0.166667
1 0.665625 0.161806 0.096875 0.165278
1 0.782292 0.159028 0.091667 0.168056
1 0.896875 0.164583 0.096875 0.162500
2 0.102083 0.447222 0.101042 0.097222
5 0.213542 0.467361 0.072917 0.056944
2 0.326042 0.447222 0.100000 0.091667
2 0.443750 0.448611 0.108333 0.100000
0 0.563542 0.418750 0.066667 0.156944
2 0.677083 0.452778 0.107292 0.091667
2 0.903125 0.445833 0.100000 0.094444
3 0.096875 0.657639 0.076042 0.179167
3 0.218750 0.659722 0.072917 0.175000
3 0.329167 0.656944 0.073958 0.177778
3 0.448958 0.659722 0.071875 0.177778
2 0.557292 0.698611 0.100000 0.100000
3 0.671875 0.656250 0.073958 0.181944
3 0.789583 0.656944 0.072917 0.175000
3 0.900000 0.652083 0.073958 0.181944
1 0.094792 0.886111 0.092708 0.163889
1 0.323958 0.888194 0.091667 0.162500
1 0.444792 0.882639 0.095833 0.170833
1 0.552083 0.888194 0.095833 0.165278
1 0.677083 0.883333 0.089583 0.166667
1 0.784375 0.881944 0.090625 0.169444
