5 0.097917 0.217361 0.073958 0.051389
5 0.209375 0.212500 0.073958 0.061111
5 0.328125 0.212500 0.071875 0.061111
5 0.439583 0.219444 0.071875 0.050000
5 0.560417 0.220139 0.073958 0.054167
5 0.667708 0.215278 0.075000 0.055556
5 0.792708 0.213194 0.075000 0.059722
5 0.906250 0.218750 0.069792 0.051389
1 0.104167 0.411806 0.092708 0.168056
1 0.218750 0.411111 0.092708 0.169444
1 0.322917 0.415278 0.090625 0.163889
1 0.438542 0.412500 0.095833 0.163889
1 0.560417 0.414583 0.093750 0.165278
1 0.670833 0.412500 0.090625 0.161111
1 0.901042 0.414583 0.097917 0.162500
5 0.103125 0.715972 0.069792 0.056944
5 0.209375 0.718056 0.071875 0.055556
5 0.321875 0.722222 0.077083 0.050000
5 0.561458 0.717361 0.076042 0.054167
5 0.675000 0.716667 0.070833 0.061111
5 0.791667 0.720833 0.069792 0.052778
2 0.898958 0.694444 0.107292 0.100000
1 0.101042 0.885417 0.097917 0.162500
1 0.332292 0.885417 0.090625 0.170833
1 0.442708 0.888194 0.090625 0.165278
1 0.554167 0.880556 0.091667 0.169444
1 0.791667 0.886111 0.093750 0.161111
1 0.897917 0.888194 0.096875 0.162500
