0 0.101042 0.165278 0.058333 0.155556
0 0.218750 0.165972 0.058333 0.154167
0 0.326042 0.172222 0.058333 0.152778
0 0.439583 0.168750 0.062500 0.154167
0 0.563542 0.168056 0.065625 0.158333
0 0.792708 0.172917 0.061458 0.151389
5 0.897917 0.220833 0.071875 0.055556
1 0.104167 0.411806 0.092708 0.170833
1 0.215625 0.413194 0.096875 0.170833
1 0.321875 0.415278 0.089583 0.161111
1 0.436458 0.414583 0.091667 0.162500
1 0.561458 0.408333 0.093750 0.169444
1 0.676042 0.411806 0.092708 0.162500
1 0.898958 0.409722 0.097917 0.166667
5 0.092708 0.713889 0.075000 0.058333
5 0.219792 0.720139 0.068750 0.051389
2 0.333333 0.699306 0.103125 0.095833
5 0.447917 0.715972 0.076042 0.054167
5 0.553125 0.715278 0.076042 0.061111
5 0.785417 0.718056 0.070833 0.058333
5 0.901042 0.715278 0.076042 0.061111
1 0.105208 0.885417 0.096875 0.170833
1 0.215625 0.882639 0.091667 0.168056
1 0.330208 0.889583 0.095833 0.162500
1 0.447917 0.884722 0.097917 0.163889
1 0.557292 0.884722 0.094792 0.172222
1 0.676042 0.886806 0.090625 0.165278
1 0.782292 0.879861 0.090625 0.170833
1 0.894792 0.882639 0.090625 0.165278
