2 0.217708 0.200000 0.104167 0.097222
2 0.332292 0.200694 0.104167 0.093056
0 0.438542 0.169444 0.066667 0.147222
2 0.553125 0.196528 0.103125 0.093056
2 0.672917 0.193750 0.107292 0.098611
3 0.898958 0.157639 0.070833 0.179167
3 0.100000 0.403472 0.068750 0.179167
3 0.217708 0.404167 0.073958 0.177778
3 0.321875 0.403472 0.071875 0.181944
3 0.442708 0.406250 0.072917 0.176389
3 0.553125 0.407639 0.069792 0.179167
3 0.787500 0.405556 0.069792 0.177778
3 0.906250 0.409722 0.071875 0.175000
0 0.104167 0.668056 0.062500 0.158333
0 0.216667 0.672222 0.065625 0.152778
0 0.327083 0.668056 0.062500 0.158333
0 0.441667 0.667361 0.063542 0.151389
0 0.560417 0.670833 0.066667 0.150000
1 0.783333 0.662500 0.091667 0.161111
5 0.092708 0.940278 0.077083 0.055556
5 0.214583 0.939583 0.076042 0.051389
5 0.330208 0.937500 0.068750 0.055556
5 0.447917 0.940972 0.069792 0.051389
5 0.562500 0.940278 0.070833 0.061111
5 0.667708 0.940972 0.075000 0.051389
5 0.785417 0.942361 0.076042 0.056944
5 0.904167 0.943750 0.073958 0.054167
