0 0.095833 0.169444 0.061458 0.158333
0 0.321875 0.172222 0.066667 0.150000
0 0.446875 0.168056 0.066667 0.158333
0 0.555208 0.165278 0.064583 0.155556
1 0.784375 0.163889 0.091667 0.166667
0 0.901042 0.168056 0.063542 0.158333
2 0.101042 0.450694 0.104167 0.095833
2 0.207292 0.450000 0.108333 0.097222
2 0.328125 0.445139 0.101042 0.101389
2 0.443750 0.447222 0.104167 0.094444
2 0.562500 0.450000 0.107292 0.091667
2 0.792708 0.445139 0.106250 0.098611
2 0.901042 0.448611 0.101042 0.100000
0 0.214583 0.668750 0.065625 0.156944
5 0.326042 0.715278 0.071875 0.058333
5 0.552083 0.716667 0.068750 0.055556
5 0.667708 0.720833 0.070833 0.050000
1 0.784375 0.661806 0.095833 0.168056
3 0.098958 0.878472 0.077083 0.179167
3 0.217708 0.878472 0.076042 0.181944
5 0.328125 0.940278 0.071875 0.050000
3 0.443750 0.875000 0.077083 0.180556
3 0.554167 0.880556 0.077083 0.177778
0 0.676042 0.893750 0.059375 0.151389
3 0.787500 0.877778 0.077083 0.186111
3 0.904167 0.872917 0.076042 0.184722
