0 0.104167 0.167361 0.066667 0.156944
0 0.208333 0.168056 0.062500 0.155556
0 0.326042 0.169444 0.061458 0.147222
0 0.441667 0.170139 0.060417 0.148611
0 0.671875 0.170139 0.064583 0.151389
0 0.787500 0.163889 0.064583 0.158333
0 0.898958 0.175000 0.058333 0.147222
3 0.102083 0.403472 0.069792 0.181944
2 0.208333 0.444444 0.103125 0.097222
3 0.330208 0.409028 0.069792 0.176389
3 0.436458 0.403472 0.077083 0.179167
3 0.558333 0.408333 0.075000 0.175000
3 0.675000 0.408333 0.076042 0.180556
3 0.781250 0.400694 0.069792 0.184722
3 0.906250 0.400000 0.073958 0.186111
0 0.095833 0.665278 0.063542 0.155556
0 0.214583 0.667361 0.063542 0.154167
0 0.330208 0.670139 0.061458 0.156944
0 0.444792 0.666667 0.058333 0.155556
0 0.556250 0.665972 0.064583 0.156944
0 0.666667 0.666667 0.061458 0.155556
0 0.791667 0.672222 0.058333 0.152778
0 0.903125 0.668750 0.062500 0.154167
5 0.105208 0.934722 0.071875 0.061111
5 0.212500 0.941667 0.070833 0.052778
5 0.437500 0.937500 0.073958 0.061111
5 0.557292 0.938194 0.070833 0.054167
5 0.666667 0.938889 0.073958 0.055556
5 0.789583 0.941667 0.071875 0.050000
5 0.906250 0.938889 0.068750 0.058333
