4 0.095833 0.186806 0.080208 0.112500
3 0.210417 0.155556 0.070833 0.180556
3 0.327083 0.154167 0.070833 0.177778
3 0.442708 0.155556 0.077083 0.183333
3 0.557292 0.156250 0.069792 0.184722
3 0.676042 0.156250 0.076042 0.176389
3 0.903125 0.158333 0.077083 0.180556
1 0.092708 0.412500 0.092708 0.166667
1 0.219792 0.413194 0.090625 0.168056
1 0.328125 0.415278 0.091667 0.161111
1 0.559375 0.406944 0.092708 0.172222
1 0.669792 0.411806 0.095833 0.165278
1 0.788542 0.417361 0.091667 0.162500
3 0.093750 0.652083 0.068750 0.181944
3 0.217708 0.656250 0.072917 0.179167
3 0.326042 0.661111 0.075000 0.175000
3 0.447917 0.660417 0.070833 0.176389
5 0.560417 0.721528 0.071875 0.051389
3 0.787500 0.652778 0.071875 0.180556
3 0.901042 0.650000 0.076042 0.186111
2 0.096875 0.913889 0.100000 0.102778
2 0.208333 0.920139 0.100000 0.093056
2 0.329167 0.920833 0.101042 0.091667
1 0.447917 0.886111 0.096875 0.161111
2 0.782292 0.919444 0.107292 0.094444
2 0.900000 0.915972 0.103125 0.101389
