0 0.329167 0.168750 0.066667 0.154167
0 0.447917 0.174306 0.065625 0.148611
0 0.667708 0.174306 0.060417 0.148611
0 0.785417 0.168056 0.065625 0.150000
0 0.894792 0.170139 0.061458 0.148611
3 0.332292 0.406944 0.077083 0.177778
3 0.448958 0.404861 0.075000 0.181944
3 0.556250 0.405556 0.069792 0.180556
3 0.668750 0.408333 0.072917 0.177778
3 0.786458 0.408333 0.070833 0.177778
3 0.907292 0.405556 0.068750 0.180556
2 0.102083 0.697917 0.100000 0.098611
2 0.211458 0.694444 0.100000 0.100000
2 0.439583 0.692361 0.108333 0.101389
2 0.666667 0.695833 0.105208 0.094444
0 0.790625 0.671528 0.062500 0.151389
4 0.903125 0.689583 0.082292 0.112500
3 0.097917 0.878472 0.077083 0.184722
3 0.212500 0.879167 0.072917 0.177778
3 0.328125 0.879861 0.076042 0.181944
3 0.446875 0.876389 0.076042 0.186111
3 0.559375 0.874306 0.069792 0.181944
3 0.666667 0.874306 0.072917 0.181944
5 0.785417 0.936806 0.070833 0.059722
