5 0.092708 0.220833 0.071875 0.052778
5 0.207292 0.218750 0.068750 0.056944
5 0.323958 0.220833 0.076042 0.050000
5 0.447917 0.213194 0.073958 0.059722
5 0.561458 0.215278 0.068750 0.058333
5 0.670833 0.218750 0.075000 0.056944
5 0.781250 0.218056 0.069792 0.052778
5 0.898958 0.217361 0.071875 0.059722
1 0.097917 0.411806 0.089583 0.165278
2 0.207292 0.450000 0.104167 0.094444
1 0.321875 0.411806 0.091667 0.162500
1 0.437500 0.409722 0.090625 0.166667
2 0.558333 0.447222 0.101042 0.091667
1 0.676042 0.412500 0.089583 0.169444
1 0.780208 0.416667 0.096875 0.163889
1 0.898958 0.415972 0.089583 0.162500
5 0.098958 0.720833 0.077083 0.050000
5 0.211458 0.715278 0.073958 0.058333
5 0.441667 0.718056 0.076042 0.061111
5 0.563542 0.719444 0.077083 0.050000
5 0.668750 0.722222 0.070833 0.052778
5 0.792708 0.720139 0.070833 0.054167
1 0.903125 0.666667 0.092708 0.161111
1 0.092708 0.886111 0.094792 0.161111
1 0.216667 0.880556 0.094792 0.169444
1 0.438542 0.886806 0.096875 0.168056
1 0.553125 0.883333 0.093750 0.163889
1 0.787500 0.885417 0.092708 0.162500
1 0.902083 0.881250 0.090625 0.168056
