4 0.097917 0.193056 0.081250 0.111111
4 0.212500 0.190278 0.081250 0.111111
0 0.322917 0.165278 0.062500 0.155556
4 0.447917 0.193056 0.082292 0.105556
4 0.563542 0.190278 0.085417 0.108333
4 0.677083 0.191667 0.079167 0.105556
4 0.786458 0.188194 0.081250 0.112500
2 0.093750 0.448611 0.107292 0.091667
2 0.212500 0.450694 0.103125 0.095833
2 0.327083 0.446528 0.102083 0.093056
2 0.437500 0.446528 0.108333 0.101389
2 0.562500 0.449306 0.103125 0.098611
2 0.671875 0.445139 0.102083 0.098611
2 0.786458 0.446528 0.103125 0.093056
2 0.903125 0.445139 0.108333 0.101389
2 0.218750 0.702778 0.102083 0.091667
2 0.333333 0.701389 0.101042 0.094444
2 0.442708 0.699306 0.104167 0.093056
3 0.669792 0.652083 0.077083 0.181944
5 0.095833 0.937500 0.071875 0.058333
5 0.213542 0.942361 0.070833 0.051389
3 0.329167 0.872222 0.071875 0.186111
5 0.436458 0.938194 0.072917 0.054167
5 0.558333 0.938194 0.076042 0.059722
5 0.673958 0.940972 0.073958 0.051389
5 0.792708 0.939583 0.073958 0.054167
5 0.901042 0.938889 0.076042 0.061111
