3 0.101042 0.152083 0.069792 0.184722
3 0.211458 0.156250 0.068750 0.184722
3 0.325000 0.150694 0.070833 0.184722
3 0.443750 0.157639 0.070833 0.176389
3 0.555208 0.151389 0.077083 0.186111
3 0.665625 0.154167 0.071875 0.186111
3 0.791667 0.156250 0.073958 0.181944
3 0.905208 0.152083 0.076042 0.184722
3 0.219792 0.408333 0.071875 0.177778
3 0.325000 0.406250 0.072917 0.184722
3 0.440625 0.405556 0.073958 0.183333
3 0.551042 0.408333 0.071875 0.180556
3 0.666667 0.409028 0.073958 0.176389
3 0.786458 0.405556 0.072917 0.175000
3 0.904167 0.405556 0.070833 0.183333
3 0.094792 0.654861 0.071875 0.179167
3 0.211458 0.655556 0.077083 0.177778
3 0.329167 0.656944 0.068750 0.183333
3 0.446875 0.657639 0.075000 0.176389
3 0.561458 0.659028 0.077083 0.179167
3 0.790625 0.650694 0.068750 0.184722
3 0.896875 0.657639 0.075000 0.181944
0 0.101042 0.890278 0.066667 0.155556
0 0.219792 0.895833 0.058333 0.147222
0 0.332292 0.890278 0.062500 0.150000
0 0.447917 0.895833 0.060417 0.147222
0 0.673958 0.891667 0.064583 0.155556
0 0.781250 0.895139 0.060417 0.148611
0 0.897917 0.890278 0.063542 0.158333
