2 0.210417 0.197222 0.105208 0.102778
2 0.321875 0.199306 0.107292 0.093056
2 0.554167 0.194444 0.103125 0.097222
2 0.669792 0.197917 0.103125 0.098611
2 0.785417 0.198611 0.108333 0.094444
2 0.901042 0.202778 0.102083 0.091667
2 0.096875 0.444444 0.102083 0.102778
2 0.208333 0.445833 0.101042 0.102778
2 0.325000 0.447917 0.104167 0.098611
2 0.448958 0.447917 0.106250 0.093056
0 0.556250 0.422222 0.064583 0.147222
2 0.672917 0.443056 0.103125 0.100000
2 0.792708 0.445139 0.105208 0.095833
2 0.905208 0.451389 0.104167 0.091667
3 0.101042 0.659028 0.072917 0.176389
3 0.215625 0.654861 0.075000 0.184722
3 0.334375 0.655556 0.072917 0.175000
3 0.448958 0.652083 0.073958 0.181944
3 0.562500 0.652778 0.071875 0.186111
3 0.786458 0.656250 0.073958 0.184722
3 0.901042 0.653472 0.068750 0.181944
4 0.094792 0.908333 0.087500 0.116667
4 0.210417 0.909722 0.086458 0.116667
4 0.334375 0.911806 0.080208 0.115278
4 0.441667 0.913889 0.081250 0.108333
4 0.552083 0.907639 0.087500 0.115278
4 0.670833 0.910417 0.084375 0.112500
4 0.792708 0.908333 0.084375 0.116667
4 0.903125 0.913889 0.086458 0.108333
