0 0.094792 0.169444 0.066667 0.158333
0 0.219792 0.169444 0.061458 0.155556
0 0.323958 0.166667 0.059375 0.155556
5 0.554167 0.217361 0.070833 0.056944
0 0.678125 0.168056 0.065625 0.150000
0 0.789583 0.167361 0.064583 0.156944
0 0.894792 0.167361 0.063542 0.151389
1 0.100000 0.413194 0.094792 0.170833
1 0.322917 0.411806 0.095833 0.168056
1 0.555208 0.412500 0.089583 0.161111
1 0.671875 0.412500 0.089583 0.169444
5 0.785417 0.465278 0.076042 0.055556
1 0.895833 0.412500 0.090625 0.161111
0 0.102083 0.670139 0.066667 0.154167
0 0.212500 0.668750 0.062500 0.154167
0 0.332292 0.669444 0.060417 0.150000
3 0.557292 0.657639 0.068750 0.181944
0 0.672917 0.666667 0.066667 0.152778
2 0.101042 0.917361 0.101042 0.098611
2 0.218750 0.921528 0.108333 0.098611
2 0.330208 0.920139 0.102083 0.101389
2 0.446875 0.924306 0.106250 0.093056
2 0.670833 0.920833 0.103125 0.097222
2 0.792708 0.918750 0.101042 0.095833
