3 0.102083 0.152083 0.076042 0.184722
3 0.207292 0.159722 0.077083 0.177778
3 0.323958 0.156250 0.071875 0.176389
3 0.667708 0.156944 0.076042 0.183333
3 0.784375 0.153472 0.069792 0.179167
3 0.902083 0.151389 0.070833 0.186111
5 0.104167 0.468056 0.072917 0.052778
5 0.215625 0.469444 0.070833 0.050000
5 0.445833 0.470139 0.075000 0.051389
5 0.561458 0.470833 0.077083 0.050000
5 0.676042 0.465972 0.073958 0.054167
5 0.907292 0.469444 0.076042 0.052778
2 0.095833 0.693750 0.102083 0.098611
0 0.214583 0.665972 0.065625 0.156944
2 0.322917 0.698611 0.103125 0.100000
2 0.444792 0.699306 0.101042 0.095833
2 0.669792 0.698611 0.104167 0.097222
2 0.791667 0.697917 0.100000 0.101389
0 0.900000 0.665278 0.065625 0.155556
5 0.100000 0.940972 0.073958 0.051389
5 0.331250 0.940278 0.072917 0.050000
5 0.558333 0.939583 0.069792 0.056944
5 0.676042 0.944444 0.075000 0.050000
5 0.785417 0.940278 0.068750 0.055556
5 0.896875 0.936111 0.071875 0.061111
