0 0.214583 0.172222 0.059375 0.150000
0 0.331250 0.169444 0.063542 0.158333
5 0.436458 0.215972 0.070833 0.059722
0 0.553125 0.166667 0.063542 0.155556
0 0.672917 0.166667 0.059375 0.155556
0 0.780208 0.170139 0.062500 0.156944
0 0.900000 0.169444 0.065625 0.152778
1 0.100000 0.409028 0.089583 0.168056
1 0.210417 0.412500 0.092708 0.161111
5 0.323958 0.470833 0.075000 0.055556
1 0.561458 0.406944 0.096875 0.172222
1 0.668750 0.412500 0.095833 0.161111
1 0.784375 0.411806 0.090625 0.162500
4 0.894792 0.438889 0.079167 0.111111
3 0.104167 0.659722 0.069792 0.177778
3 0.217708 0.655556 0.072917 0.177778
3 0.334375 0.654167 0.075000 0.177778
3 0.436458 0.654861 0.073958 0.184722
3 0.556250 0.653472 0.075000 0.179167
3 0.666667 0.657639 0.075000 0.176389
3 0.780208 0.654167 0.077083 0.177778
3 0.895833 0.656250 0.072917 0.181944
2 0.104167 0.922917 0.102083 0.095833
2 0.219792 0.919444 0.103125 0.094444
2 0.326042 0.918750 0.105208 0.095833
2 0.552083 0.915278 0.108333 0.102778
2 0.673958 0.922222 0.102083 0.097222
2 0.781250 0.920833 0.101042 0.100000
2 0.906250 0.920139 0.101042 0.093056
