1 0.098958 0.163194 0.096875 0.170833
1 0.218750 0.161111 0.095833 0.169444
1 0.330208 0.161806 0.092708 0.168056
1 0.445833 0.158333 0.092708 0.172222
1 0.562500 0.164583 0.092708 0.168056
4 0.675000 0.189583 0.086458 0.115278
1 0.787500 0.160417 0.089583 0.168056
1 0.906250 0.168056 0.093750 0.161111
3 0.097917 0.404167 0.077083 0.180556
3 0.331250 0.405556 0.073958 0.175000
3 0.439583 0.409028 0.070833 0.179167
3 0.552083 0.402083 0.069792 0.181944
3 0.670833 0.405556 0.076042 0.177778
3 0.781250 0.402083 0.072917 0.184722
3 0.902083 0.402083 0.069792 0.181944
4 0.207292 0.694444 0.080208 0.108333
4 0.323958 0.690972 0.084375 0.106944
4 0.445833 0.688194 0.081250 0.112500
0 0.678125 0.671528 0.066667 0.148611
4 0.787500 0.690972 0.081250 0.106944
4 0.895833 0.690972 0.085417 0.115278
2 0.212500 0.919444 0.106250 0.091667
2 0.442708 0.919444 0.108333 0.102778
2 0.671875 0.919444 0.106250 0.100000
2 0.784375 0.919444 0.107292 0.100000
2 0.904167 0.922222 0.101042 0.097222
