2 0.101042 0.197917 0.104167 0.093056
2 0.329167 0.202778 0.102083 0.091667
2 0.437500 0.198611 0.101042 0.094444
2 0.551042 0.196528 0.100000 0.095833
5 0.669792 0.216667 0.077083 0.052778
2 0.784375 0.194444 0.102083 0.097222
2 0.895833 0.195833 0.100000 0.097222
2 0.102083 0.445139 0.105208 0.101389
2 0.209375 0.447917 0.104167 0.093056
4 0.325000 0.442361 0.080208 0.106944
2 0.445833 0.450694 0.103125 0.095833
2 0.554167 0.445139 0.102083 0.101389
2 0.673958 0.445139 0.101042 0.095833
2 0.782292 0.452778 0.108333 0.091667
2 0.905208 0.447222 0.101042 0.100000
1 0.209375 0.656944 0.089583 0.172222
1 0.329167 0.663194 0.092708 0.162500
1 0.437500 0.657639 0.090625 0.170833
1 0.785417 0.662500 0.093750 0.161111
1 0.904167 0.662500 0.093750 0.166667
0 0.092708 0.892361 0.064583 0.154167
0 0.210417 0.890278 0.065625 0.150000
0 0.333333 0.886111 0.065625 0.158333
0 0.439583 0.897222 0.065625 0.147222
0 0.556250 0.897222 0.058333 0.147222
0 0.668750 0.893750 0.060417 0.151389
0 0.904167 0.895833 0.058333 0.147222
