5 0.096875 0.217361 0.070833 0.054167
2 0.217708 0.200000 0.105208 0.091667
5 0.321875 0.216667 0.073958 0.055556
5 0.441667 0.220833 0.077083 0.052778
5 0.556250 0.216667 0.071875 0.061111
5 0.678125 0.215278 0.069792 0.058333
5 0.790625 0.222222 0.077083 0.050000
0 0.907292 0.170139 0.058333 0.148611
4 0.105208 0.443056 0.082292 0.105556
3 0.212500 0.406250 0.076042 0.184722
3 0.321875 0.405556 0.075000 0.177778
3 0.444792 0.406944 0.072917 0.183333
3 0.790625 0.404861 0.073958 0.184722
3 0.898958 0.403472 0.069792 0.184722
3 0.095833 0.655556 0.070833 0.183333
3 0.214583 0.653472 0.077083 0.184722
3 0.333333 0.652778 0.072917 0.186111
3 0.448958 0.656944 0.072917 0.175000
3 0.553125 0.652778 0.068750 0.180556
3 0.668750 0.654861 0.076042 0.181944
3 0.789583 0.661111 0.071875 0.175000
3 0.900000 0.655556 0.068750 0.183333
1 0.101042 0.885417 0.094792 0.165278
1 0.213542 0.887500 0.092708 0.163889
4 0.321875 0.913194 0.080208 0.106944
1 0.556250 0.880556 0.097917 0.169444
1 0.678125 0.882639 0.092708 0.170833
1 0.781250 0.886111 0.096875 0.169444
1 0.901042 0.884722 0.096875 0.169444
