5 0.208333 0.223611 0.077083 0.050000
5 0.330208 0.215972 0.071875 0.059722
5 0.436458 0.215972 0.073958 0.054167
5 0.556250 0.214583 0.070833 0.056944
1 0.669792 0.160417 0.095833 0.168056
5 0.905208 0.222222 0.068750 0.052778
0 0.103125 0.423611 0.058333 0.147222
2 0.326042 0.443056 0.106250 0.102778
2 0.555208 0.450000 0.102083 0.091667
2 0.675000 0.445139 0.107292 0.098611
2 0.786458 0.446528 0.103125 0.095833
2 0.902083 0.448611 0.101042 0.097222
3 0.207292 0.651389 0.071875 0.186111
3 0.441667 0.660417 0.070833 0.176389
3 0.557292 0.654861 0.073958 0.176389
3 0.666667 0.655556 0.077083 0.186111
3 0.788542 0.656944 0.069792 0.183333
3 0.903125 0.659028 0.071875 0.176389
1 0.103125 0.884722 0.093750 0.161111
1 0.209375 0.890278 0.089583 0.161111
1 0.436458 0.886111 0.091667 0.163889
1 0.562500 0.888889 0.092708 0.163889
1 0.676042 0.886111 0.092708 0.161111
1 0.783333 0.884722 0.093750 0.163889
1 0.900000 0.884028 0.090625 0.165278
