3 0.095833 0.154167 0.068750 0.183333
3 0.213542 0.154861 0.072917 0.184722
3 0.321875 0.158333 0.076042 0.175000
3 0.442708 0.152083 0.070833 0.184722
3 0.668750 0.154167 0.070833 0.186111
3 0.780208 0.156250 0.071875 0.176389
5 0.092708 0.466667 0.071875 0.055556
5 0.217708 0.472917 0.071875 0.051389
5 0.327083 0.470833 0.069792 0.052778
5 0.448958 0.464583 0.077083 0.056944
5 0.556250 0.468056 0.075000 0.055556
5 0.789583 0.464583 0.071875 0.059722
5 0.905208 0.471528 0.076042 0.054167
2 0.101042 0.693056 0.102083 0.102778
2 0.210417 0.693056 0.107292 0.102778
4 0.327083 0.688889 0.084375 0.113889
2 0.442708 0.691667 0.106250 0.102778
2 0.555208 0.702083 0.107292 0.093056
2 0.677083 0.696528 0.105208 0.093056
2 0.782292 0.694444 0.107292 0.100000
2 0.897917 0.700000 0.107292 0.097222
4 0.101042 0.915972 0.079167 0.109722
4 0.208333 0.914583 0.084375 0.109722
5 0.332292 0.941667 0.069792 0.050000
4 0.447917 0.913194 0.081250 0.112500
4 0.558333 0.909722 0.083333 0.116667
4 0.665625 0.917361 0.080208 0.106944
4 0.783333 0.909028 0.079167 0.115278
4 0.905208 0.914583 0.087500 0.109722
