1 0.096875 0.161806 0.095833 0.170833
3 0.334375 0.152778 0.069792 0.183333
3 0.444792 0.158333 0.072917 0.175000
3 0.673958 0.158333 0.075000 0.180556
3 0.783333 0.151389 0.075000 0.183333
3 0.904167 0.161111 0.075000 0.175000
1 0.092708 0.413889 0.095833 0.163889
1 0.334375 0.409028 0.090625 0.170833
1 0.562500 0.411806 0.096875 0.165278
1 0.783333 0.413194 0.095833 0.170833
1 0.895833 0.412500 0.091667 0.172222
2 0.216667 0.696528 0.103125 0.093056
2 0.333333 0.697222 0.108333 0.100000
2 0.561458 0.697222 0.104167 0.094444
2 0.665625 0.700000 0.102083 0.091667
2 0.789583 0.695833 0.100000 0.102778
2 0.896875 0.691667 0.103125 0.102778
3 0.103125 0.877778 0.070833 0.180556
4 0.218750 0.915278 0.080208 0.108333
3 0.332292 0.875000 0.068750 0.183333
3 0.443750 0.876389 0.068750 0.183333
3 0.786458 0.879167 0.073958 0.177778
3 0.895833 0.872222 0.075000 0.186111
