4 0.103125 0.192361 0.085417 0.106944
1 0.215625 0.159722 0.092708 0.169444
1 0.330208 0.165972 0.096875 0.162500
1 0.551042 0.163889 0.090625 0.163889
1 0.677083 0.164583 0.095833 0.165278
1 0.789583 0.161806 0.090625 0.165278
1 0.894792 0.163194 0.091667 0.162500
1 0.102083 0.409028 0.097917 0.170833
1 0.218750 0.414583 0.096875 0.165278
1 0.436458 0.411111 0.091667 0.163889
1 0.676042 0.418056 0.093750 0.161111
1 0.783333 0.417361 0.090625 0.162500
1 0.904167 0.411111 0.095833 0.166667
4 0.104167 0.691667 0.079167 0.105556
4 0.218750 0.692361 0.086458 0.109722
4 0.327083 0.691667 0.080208 0.111111
4 0.792708 0.694444 0.083333 0.108333
4 0.102083 0.908333 0.084375 0.116667
5 0.218750 0.934722 0.077083 0.061111
4 0.326042 0.911806 0.081250 0.115278
4 0.559375 0.918056 0.080208 0.105556
4 0.667708 0.912500 0.086458 0.111111
4 0.780208 0.909028 0.086458 0.115278
4 0.900000 0.915972 0.079167 0.106944
