2 0.102083 0.198611 0.107292 0.100000
2 0.211458 0.202778 0.100000 0.091667
5 0.329167 0.219444 0.070833 0.058333
2 0.438542 0.198611 0.103125 0.097222
2 0.563542 0.191667 0.102083 0.102778
2 0.677083 0.199306 0.104167 0.095833
0 0.901042 0.169444 0.062500 0.150000
5 0.098958 0.470833 0.077083 0.055556
5 0.217708 0.470833 0.073958 0.050000
5 0.330208 0.472917 0.070833 0.051389
5 0.447917 0.466667 0.072917 0.058333
5 0.556250 0.473611 0.077083 0.050000
5 0.669792 0.465972 0.068750 0.056944
5 0.787500 0.468750 0.069792 0.051389
5 0.903125 0.466667 0.071875 0.058333
3 0.210417 0.656944 0.070833 0.177778
3 0.329167 0.652083 0.068750 0.181944
0 0.551042 0.671528 0.059375 0.148611
3 0.669792 0.661111 0.075000 0.175000
3 0.781250 0.655556 0.070833 0.175000
3 0.903125 0.655556 0.076042 0.177778
5 0.105208 0.943056 0.073958 0.052778
5 0.218750 0.936111 0.069792 0.061111
5 0.441667 0.941667 0.073958 0.052778
5 0.559375 0.940278 0.069792 0.061111
5 0.672917 0.943056 0.072917 0.055556
5 0.786458 0.939583 0.069792 0.051389
5 0.901042 0.943056 0.071875 0.052778
