4 0.095833 0.188889 0.084375 0.116667
4 0.334375 0.194444 0.082292 0.108333
4 0.442708 0.193056 0.080208 0.105556
4 0.556250 0.191667 0.082292 0.105556
4 0.678125 0.187500 0.080208 0.113889
4 0.780208 0.188889 0.083333 0.108333
4 0.904167 0.190972 0.079167 0.115278
5 0.101042 0.468056 0.068750 0.055556
5 0.215625 0.469444 0.070833 0.055556
5 0.326042 0.467361 0.076042 0.051389
5 0.441667 0.471528 0.073958 0.051389
5 0.557292 0.472917 0.068750 0.051389
5 0.668750 0.465972 0.075000 0.054167
5 0.784375 0.463889 0.070833 0.061111
5 0.900000 0.465278 0.069792 0.058333
5 0.098958 0.715972 0.077083 0.056944
5 0.213542 0.722917 0.069792 0.051389
5 0.330208 0.718056 0.069792 0.058333
5 0.447917 0.716667 0.071875 0.055556
5 0.668750 0.712500 0.077083 0.061111
0 0.792708 0.669444 0.060417 0.147222
5 0.904167 0.717361 0.073958 0.059722
5 0.096875 0.941667 0.069792 0.052778
1 0.207292 0.883333 0.089583 0.172222
1 0.333333 0.883333 0.096875 0.166667
1 0.436458 0.881250 0.093750 0.170833
1 0.557292 0.886111 0.095833 0.169444
1 0.667708 0.884722 0.096875 0.163889
1 0.783333 0.885417 0.095833 0.165278
1 0.896875 0.884722 0.089583 0.172222
