4 0.095833 0.186111 0.080208 0.116667
4 0.322917 0.193056 0.080208 0.105556
4 0.436458 0.194444 0.081250 0.108333
4 0.563542 0.186806 0.080208 0.112500
4 0.667708 0.188889 0.085417 0.108333
4 0.790625 0.193750 0.083333 0.109722
4 0.905208 0.188889 0.087500 0.108333
0 0.093750 0.418750 0.064583 0.154167
0 0.217708 0.420139 0.060417 0.151389
0 0.332292 0.420833 0.066667 0.152778
3 0.447917 0.405556 0.077083 0.175000
0 0.551042 0.416667 0.058333 0.155556
0 0.678125 0.422917 0.064583 0.151389
0 0.791667 0.419444 0.059375 0.152778
0 0.895833 0.415972 0.061458 0.156944
0 0.103125 0.664583 0.065625 0.156944
0 0.215625 0.672917 0.058333 0.148611
0 0.332292 0.666667 0.061458 0.152778
0 0.438542 0.670833 0.060417 0.152778
0 0.553125 0.670833 0.066667 0.152778
0 0.673958 0.670833 0.064583 0.152778
0 0.786458 0.667361 0.066667 0.151389
0 0.894792 0.670833 0.065625 0.147222
4 0.094792 0.915278 0.085417 0.105556
4 0.209375 0.913889 0.080208 0.105556
0 0.330208 0.895833 0.060417 0.150000
4 0.442708 0.912500 0.086458 0.108333
4 0.553125 0.913889 0.079167 0.105556
4 0.671875 0.913889 0.079167 0.105556
4 0.780208 0.908333 0.087500 0.113889
4 0.904167 0.908333 0.086458 0.113889
