5 0.101042 0.218750 0.075000 0.059722
5 0.209375 0.221528 0.071875 0.051389
5 0.446875 0.217361 0.070833 0.059722
5 0.561458 0.218750 0.077083 0.059722
5 0.666667 0.221528 0.072917 0.054167
4 0.783333 0.188889 0.084375 0.108333
2 0.096875 0.445833 0.107292 0.100000
0 0.213542 0.423611 0.058333 0.150000
0 0.328125 0.417361 0.064583 0.156944
0 0.439583 0.419444 0.059375 0.155556
0 0.554167 0.418056 0.058333 0.155556
0 0.675000 0.420833 0.064583 0.152778
0 0.904167 0.422222 0.063542 0.150000
0 0.097917 0.670833 0.058333 0.150000
0 0.211458 0.666667 0.061458 0.155556
0 0.331250 0.670139 0.066667 0.154167
0 0.440625 0.668056 0.063542 0.152778
0 0.560417 0.670833 0.059375 0.155556
0 0.671875 0.669444 0.061458 0.152778
0 0.786458 0.665278 0.063542 0.158333
0 0.895833 0.668056 0.066667 0.152778
1 0.105208 0.879861 0.090625 0.170833
4 0.217708 0.913889 0.082292 0.111111
4 0.325000 0.912500 0.081250 0.105556
4 0.438542 0.917361 0.085417 0.106944
4 0.553125 0.911806 0.084375 0.106944
4 0.668750 0.911111 0.087500 0.113889
4 0.781250 0.913194 0.080208 0.109722
4 0.897917 0.908333 0.085417 0.113889
