3 0.093750 0.153472 0.071875 0.181944
0 0.217708 0.165278 0.064583 0.158333
0 0.334375 0.170833 0.061458 0.147222
3 0.445833 0.154167 0.068750 0.183333
0 0.558333 0.171528 0.061458 0.154167
4 0.672917 0.188194 0.084375 0.109722
0 0.784375 0.171528 0.066667 0.154167
4 0.096875 0.441667 0.087500 0.105556
4 0.210417 0.440972 0.079167 0.112500
4 0.328125 0.440278 0.086458 0.116667
4 0.447917 0.443750 0.079167 0.109722
3 0.560417 0.407639 0.068750 0.176389
4 0.678125 0.438889 0.081250 0.116667
4 0.792708 0.438194 0.086458 0.109722
4 0.902083 0.445139 0.081250 0.106944
0 0.101042 0.669444 0.060417 0.158333
0 0.551042 0.669444 0.059375 0.150000
0 0.669792 0.665972 0.062500 0.154167
0 0.784375 0.673611 0.059375 0.147222
0 0.896875 0.670139 0.059375 0.154167
5 0.100000 0.945833 0.075000 0.050000
2 0.216667 0.922222 0.103125 0.091667
2 0.330208 0.915278 0.103125 0.100000
2 0.438542 0.921528 0.102083 0.095833
2 0.560417 0.922917 0.108333 0.093056
2 0.894792 0.923611 0.107292 0.094444
