3 0.092708 0.160417 0.070833 0.176389
3 0.209375 0.159722 0.071875 0.177778
3 0.323958 0.156944 0.072917 0.183333
3 0.445833 0.153472 0.073958 0.179167
3 0.557292 0.154861 0.072917 0.184722
3 0.671875 0.155556 0.075000 0.183333
3 0.783333 0.158333 0.068750 0.180556
3 0.900000 0.152778 0.068750 0.186111
1 0.102083 0.409722 0.095833 0.169444
1 0.217708 0.413194 0.096875 0.165278
5 0.323958 0.464583 0.072917 0.059722
1 0.437500 0.408333 0.095833 0.169444
1 0.551042 0.411111 0.090625 0.172222
1 0.672917 0.412500 0.097917 0.172222
1 0.790625 0.415972 0.089583 0.165278
1 0.907292 0.408333 0.094792 0.169444
0 0.093750 0.672917 0.061458 0.151389
0 0.331250 0.665278 0.065625 0.155556
0 0.448958 0.663889 0.061458 0.158333
3 0.559375 0.657639 0.071875 0.176389
0 0.667708 0.667361 0.059375 0.154167
0 0.784375 0.668750 0.061458 0.148611
1 0.904167 0.661111 0.090625 0.172222
0 0.093750 0.893750 0.058333 0.151389
0 0.218750 0.891667 0.058333 0.147222
0 0.326042 0.893056 0.061458 0.150000
0 0.437500 0.889583 0.066667 0.156944
0 0.558333 0.890972 0.059375 0.148611
0 0.894792 0.897222 0.062500 0.147222
