3 0.105208 0.154861 0.069792 0.179167
3 0.210417 0.159722 0.072917 0.177778
3 0.334375 0.154167 0.068750 0.180556
3 0.443750 0.154167 0.075000 0.183333
3 0.561458 0.153472 0.068750 0.184722
3 0.780208 0.160417 0.073958 0.176389
3 0.898958 0.153472 0.070833 0.181944
0 0.102083 0.418750 0.066667 0.151389
0 0.215625 0.417361 0.060417 0.151389
0 0.334375 0.422222 0.061458 0.150000
0 0.553125 0.418056 0.058333 0.152778
0 0.781250 0.422917 0.061458 0.148611
0 0.900000 0.419444 0.065625 0.147222
3 0.102083 0.655556 0.077083 0.180556
3 0.218750 0.655556 0.077083 0.183333
2 0.331250 0.699306 0.105208 0.093056
3 0.441667 0.652083 0.073958 0.181944
3 0.552083 0.658333 0.073958 0.180556
3 0.789583 0.659722 0.069792 0.175000
1 0.098958 0.885417 0.095833 0.165278
1 0.209375 0.884722 0.096875 0.163889
1 0.321875 0.881250 0.097917 0.170833
1 0.556250 0.885417 0.097917 0.165278
1 0.677083 0.882639 0.091667 0.170833
1 0.789583 0.883333 0.090625 0.166667
1 0.894792 0.886806 0.091667 0.165278
