0 0.104167 0.171528 0.061458 0.154167
1 0.219792 0.164583 0.089583 0.162500
1 0.326042 0.162500 0.091667 0.172222
1 0.448958 0.159722 0.089583 0.172222
1 0.551042 0.161111 0.089583 0.166667
1 0.791667 0.159028 0.092708 0.170833
1 0.900000 0.161806 0.090625 0.168056
2 0.102083 0.451389 0.106250 0.091667
2 0.217708 0.450000 0.102083 0.091667
4 0.327083 0.438889 0.081250 0.116667
0 0.447917 0.417361 0.063542 0.154167
2 0.553125 0.441667 0.105208 0.102778
2 0.672917 0.448611 0.105208 0.100000
2 0.900000 0.442361 0.100000 0.101389
4 0.093750 0.688194 0.084375 0.112500
4 0.332292 0.688194 0.084375 0.109722
4 0.448958 0.687500 0.082292 0.116667
4 0.560417 0.686806 0.085417 0.112500
4 0.676042 0.690972 0.083333 0.109722
4 0.792708 0.691667 0.084375 0.113889
4 0.901042 0.686806 0.079167 0.115278
1 0.103125 0.884722 0.090625 0.161111
1 0.216667 0.884722 0.092708 0.166667
1 0.327083 0.885417 0.091667 0.168056
1 0.440625 0.879861 0.093750 0.170833
1 0.553125 0.882639 0.092708 0.168056
1 0.672917 0.886806 0.089583 0.168056
3 0.782292 0.883333 0.075000 0.175000
1 0.894792 0.882639 0.093750 0.170833
