2 0.100000 0.191667 0.105208 0.102778
2 0.334375 0.193056 0.108333 0.100000
2 0.438542 0.197917 0.107292 0.098611
2 0.558333 0.198611 0.108333 0.094444
2 0.783333 0.192361 0.103125 0.101389
2 0.904167 0.195139 0.101042 0.095833
5 0.095833 0.465278 0.068750 0.058333
5 0.218750 0.473611 0.068750 0.050000
4 0.330208 0.439583 0.080208 0.112500
5 0.442708 0.466667 0.076042 0.055556
5 0.553125 0.463889 0.071875 0.058333
5 0.784375 0.465278 0.071875 0.061111
5 0.897917 0.470833 0.075000 0.052778
2 0.095833 0.695833 0.102083 0.100000
2 0.218750 0.696528 0.102083 0.101389
2 0.327083 0.695833 0.100000 0.100000
2 0.445833 0.697222 0.104167 0.097222
2 0.558333 0.697222 0.103125 0.094444
2 0.666667 0.693056 0.107292 0.100000
2 0.792708 0.701389 0.107292 0.091667
2 0.896875 0.697917 0.101042 0.101389
1 0.096875 0.884722 0.089583 0.169444
1 0.215625 0.883333 0.092708 0.169444
1 0.560417 0.884028 0.093750 0.165278
1 0.670833 0.879861 0.095833 0.170833
1 0.787500 0.888889 0.092708 0.161111
1 0.906250 0.887500 0.097917 0.163889
