5 0.103125 0.217361 0.071875 0.051389
5 0.212500 0.219444 0.070833 0.058333
5 0.330208 0.220139 0.077083 0.056944
5 0.448958 0.214583 0.075000 0.059722
5 0.562500 0.212500 0.068750 0.061111
5 0.673958 0.218056 0.077083 0.050000
5 0.782292 0.218056 0.070833 0.061111
5 0.894792 0.212500 0.071875 0.061111
5 0.097917 0.463889 0.077083 0.058333
5 0.217708 0.467361 0.075000 0.056944
5 0.330208 0.465972 0.070833 0.054167
5 0.438542 0.469444 0.071875 0.052778
5 0.677083 0.467361 0.071875 0.059722
5 0.791667 0.468056 0.073958 0.052778
5 0.896875 0.466667 0.076042 0.055556
2 0.105208 0.695139 0.107292 0.101389
2 0.209375 0.700694 0.107292 0.095833
2 0.334375 0.698611 0.104167 0.091667
2 0.670833 0.693750 0.103125 0.098611
2 0.780208 0.698611 0.105208 0.097222
3 0.907292 0.656250 0.069792 0.176389
1 0.103125 0.886111 0.095833 0.163889
5 0.211458 0.937500 0.075000 0.061111
0 0.323958 0.889583 0.061458 0.151389
1 0.438542 0.884722 0.093750 0.161111
1 0.560417 0.884028 0.096875 0.162500
1 0.677083 0.888889 0.097917 0.163889
1 0.785417 0.882639 0.094792 0.170833
1 0.896875 0.886111 0.092708 0.161111
