5 0.104167 0.216667 0.069792 0.055556
4 0.213542 0.188194 0.081250 0.115278
4 0.323958 0.187500 0.087500 0.113889
4 0.442708 0.188889 0.080208 0.116667
4 0.560417 0.184722 0.082292 0.116667
4 0.667708 0.187500 0.083333 0.111111
5 0.792708 0.221528 0.070833 0.054167
4 0.898958 0.190278 0.085417 0.113889
1 0.207292 0.411806 0.097917 0.165278
1 0.330208 0.409028 0.095833 0.168056
1 0.443750 0.417361 0.091667 0.162500
1 0.559375 0.415278 0.090625 0.163889
1 0.672917 0.411111 0.090625 0.169444
1 0.788542 0.415278 0.092708 0.166667
1 0.898958 0.415972 0.097917 0.162500
5 0.093750 0.722222 0.072917 0.052778
5 0.209375 0.717361 0.068750 0.051389
5 0.326042 0.721528 0.069792 0.051389
5 0.552083 0.720833 0.071875 0.050000
3 0.790625 0.654861 0.077083 0.176389
5 0.902083 0.718750 0.073958 0.056944
2 0.102083 0.923611 0.108333 0.094444
2 0.209375 0.915972 0.104167 0.098611
2 0.328125 0.919444 0.101042 0.091667
2 0.553125 0.920833 0.108333 0.094444
2 0.667708 0.918056 0.108333 0.094444
2 0.780208 0.923611 0.106250 0.094444
2 0.894792 0.922222 0.101042 0.091667
