2 0.105208 0.194444 0.102083 0.100000
2 0.323958 0.193750 0.102083 0.098611
2 0.448958 0.197222 0.104167 0.094444
2 0.668750 0.195139 0.103125 0.095833
2 0.901042 0.200000 0.105208 0.094444
1 0.098958 0.411111 0.089583 0.166667
1 0.218750 0.410417 0.096875 0.170833
5 0.328125 0.470139 0.075000 0.056944
1 0.437500 0.411111 0.089583 0.172222
1 0.557292 0.412500 0.089583 0.172222
1 0.667708 0.411806 0.093750 0.170833
1 0.791667 0.417361 0.096875 0.162500
3 0.093750 0.653472 0.071875 0.184722
3 0.333333 0.654167 0.069792 0.186111
1 0.438542 0.662500 0.094792 0.163889
3 0.561458 0.654167 0.076042 0.180556
3 0.792708 0.650000 0.076042 0.186111
3 0.895833 0.656250 0.075000 0.184722
2 0.094792 0.920833 0.103125 0.091667
2 0.436458 0.918750 0.105208 0.093056
2 0.558333 0.923611 0.108333 0.094444
2 0.678125 0.922917 0.106250 0.093056
2 0.788542 0.920139 0.104167 0.098611
2 0.902083 0.924306 0.108333 0.093056
