5 0.101042 0.221528 0.068750 0.054167
1 0.328125 0.160417 0.092708 0.165278
5 0.443750 0.213889 0.068750 0.058333
5 0.552083 0.212500 0.068750 0.061111
5 0.900000 0.215278 0.070833 0.058333
4 0.093750 0.436806 0.083333 0.115278
4 0.219792 0.441667 0.080208 0.113889
4 0.325000 0.445139 0.085417 0.106944
4 0.443750 0.439583 0.085417 0.115278
4 0.561458 0.439583 0.082292 0.109722
4 0.666667 0.442361 0.086458 0.109722
4 0.789583 0.436111 0.080208 0.113889
4 0.897917 0.444444 0.079167 0.105556
4 0.214583 0.692361 0.082292 0.109722
4 0.327083 0.690278 0.082292 0.113889
4 0.447917 0.686806 0.087500 0.115278
4 0.563542 0.688889 0.082292 0.116667
4 0.675000 0.693750 0.081250 0.109722
4 0.782292 0.686111 0.087500 0.113889
4 0.902083 0.686111 0.087500 0.116667
4 0.096875 0.908333 0.082292 0.116667
4 0.216667 0.909722 0.084375 0.111111
4 0.322917 0.913889 0.087500 0.105556
4 0.447917 0.909722 0.083333 0.113889
4 0.563542 0.915278 0.084375 0.108333
4 0.667708 0.915972 0.080208 0.109722
4 0.780208 0.909722 0.087500 0.111111
4 0.897917 0.911806 0.084375 0.106944
