3 0.098958 0.152083 0.068750 0.184722
1 0.217708 0.165278 0.089583 0.163889
3 0.332292 0.154167 0.070833 0.186111
1 0.446875 0.161111 0.090625 0.166667
1 0.665625 0.161806 0.097917 0.168056
1 0.784375 0.163194 0.092708 0.168056
2 0.105208 0.451389 0.103125 0.091667
2 0.214583 0.448611 0.108333 0.094444
2 0.448958 0.443056 0.106250 0.102778
2 0.560417 0.449306 0.108333 0.098611
2 0.673958 0.448611 0.107292 0.097222
2 0.783333 0.450694 0.107292 0.095833
2 0.898958 0.450000 0.104167 0.091667
0 0.103125 0.669444 0.063542 0.155556
0 0.212500 0.670833 0.058333 0.155556
0 0.326042 0.670833 0.060417 0.147222
0 0.445833 0.669444 0.058333 0.155556
0 0.555208 0.670139 0.059375 0.148611
0 0.667708 0.672917 0.060417 0.151389
0 0.896875 0.668056 0.063542 0.152778
2 0.092708 0.919444 0.102083 0.091667
2 0.217708 0.915278 0.102083 0.102778
2 0.441667 0.918750 0.101042 0.095833
2 0.677083 0.922222 0.102083 0.097222
2 0.787500 0.920139 0.108333 0.101389
