3 0.093750 0.154861 0.071875 0.179167
1 0.208333 0.162500 0.096875 0.166667
3 0.448958 0.152083 0.076042 0.184722
3 0.555208 0.159028 0.075000 0.179167
3 0.676042 0.156250 0.077083 0.184722
3 0.780208 0.158333 0.073958 0.177778
3 0.903125 0.154167 0.075000 0.180556
1 0.103125 0.410417 0.095833 0.165278
1 0.322917 0.411806 0.093750 0.165278
1 0.439583 0.410417 0.095833 0.170833
1 0.562500 0.409722 0.097917 0.166667
1 0.675000 0.412500 0.095833 0.161111
1 0.781250 0.411111 0.096875 0.169444
1 0.894792 0.416667 0.097917 0.163889
3 0.095833 0.654861 0.071875 0.181944
3 0.215625 0.655556 0.077083 0.183333
3 0.331250 0.661111 0.075000 0.175000
3 0.440625 0.656250 0.077083 0.179167
2 0.670833 0.694444 0.100000 0.097222
3 0.788542 0.658333 0.073958 0.180556
1 0.098958 0.882639 0.091667 0.165278
1 0.218750 0.881944 0.096875 0.166667
1 0.334375 0.883333 0.094792 0.163889
1 0.441667 0.883333 0.095833 0.169444
1 0.551042 0.886806 0.096875 0.165278
1 0.667708 0.887500 0.094792 0.163889
1 0.782292 0.881250 0.089583 0.168056
1 0.906250 0.888194 0.090625 0.162500
