0 0.102083 0.169444 0.059375 0.152778
0 0.334375 0.167361 0.065625 0.156944
0 0.558333 0.168750 0.059375 0.148611
0 0.675000 0.170139 0.063542 0.154167
0 0.787500 0.172917 0.065625 0.148611
0 0.896875 0.168750 0.061458 0.148611
2 0.095833 0.445833 0.102083 0.102778
2 0.213542 0.446528 0.103125 0.098611
2 0.332292 0.445139 0.102083 0.101389
2 0.448958 0.447222 0.105208 0.102778
2 0.675000 0.446528 0.104167 0.093056
2 0.781250 0.443056 0.102083 0.102778
5 0.898958 0.466667 0.071875 0.055556
2 0.102083 0.691667 0.104167 0.102778
2 0.210417 0.696528 0.107292 0.098611
2 0.327083 0.695833 0.100000 0.097222
2 0.556250 0.697222 0.102083 0.091667
2 0.791667 0.698611 0.104167 0.100000
2 0.894792 0.700000 0.108333 0.097222
4 0.219792 0.911111 0.087500 0.113889
4 0.330208 0.913194 0.081250 0.109722
4 0.552083 0.912500 0.086458 0.105556
4 0.675000 0.911806 0.086458 0.109722
4 0.904167 0.915972 0.086458 0.106944
