4 0.094792 0.191667 0.082292 0.108333
4 0.217708 0.190278 0.080208 0.111111
4 0.329167 0.190972 0.083333 0.109722
4 0.447917 0.186111 0.087500 0.113889
4 0.556250 0.193750 0.085417 0.109722
4 0.676042 0.190972 0.082292 0.106944
4 0.792708 0.193056 0.080208 0.111111
3 0.207292 0.404167 0.073958 0.180556
3 0.326042 0.411111 0.070833 0.175000
3 0.442708 0.409722 0.068750 0.177778
3 0.673958 0.403472 0.073958 0.179167
3 0.792708 0.407639 0.069792 0.176389
3 0.897917 0.410417 0.075000 0.176389
0 0.095833 0.667361 0.062500 0.156944
0 0.322917 0.668056 0.058333 0.155556
0 0.437500 0.663889 0.058333 0.158333
1 0.558333 0.659028 0.089583 0.170833
0 0.666667 0.670139 0.061458 0.151389
0 0.788542 0.665278 0.061458 0.158333
0 0.903125 0.674306 0.058333 0.148611
5 0.097917 0.940278 0.068750 0.052778
5 0.322917 0.939583 0.072917 0.054167
5 0.438542 0.936806 0.072917 0.059722
5 0.559375 0.940278 0.076042 0.052778
5 0.668750 0.938194 0.070833 0.054167
5 0.781250 0.943056 0.072917 0.052778
4 0.900000 0.911111 0.087500 0.111111
