3 0.105208 0.156250 0.077083 0.176389
3 0.212500 0.155556 0.072917 0.175000
3 0.329167 0.154861 0.075000 0.176389
3 0.446875 0.155556 0.069792 0.177778
3 0.670833 0.156944 0.073958 0.177778
3 0.895833 0.154167 0.072917 0.180556
0 0.212500 0.420139 0.060417 0.148611
0 0.330208 0.418056 0.059375 0.152778
0 0.437500 0.416667 0.060417 0.155556
0 0.562500 0.418750 0.066667 0.148611
0 0.671875 0.422917 0.058333 0.148611
0 0.782292 0.418750 0.065625 0.151389
1 0.901042 0.411111 0.093750 0.166667
5 0.095833 0.720139 0.068750 0.056944
5 0.215625 0.716667 0.072917 0.052778
5 0.323958 0.713194 0.076042 0.059722
5 0.441667 0.723611 0.069792 0.050000
5 0.556250 0.717361 0.069792 0.056944
5 0.675000 0.720833 0.073958 0.052778
1 0.217708 0.881250 0.097917 0.170833
1 0.323958 0.884028 0.090625 0.170833
1 0.443750 0.886806 0.093750 0.168056
1 0.562500 0.886111 0.095833 0.163889
1 0.895833 0.885417 0.089583 0.162500
