1 0.326042 0.163889 0.093750 0.161111
3 0.444792 0.155556 0.072917 0.186111
3 0.675000 0.153472 0.072917 0.181944
3 0.907292 0.156250 0.069792 0.181944
0 0.105208 0.418750 0.064583 0.148611
0 0.217708 0.423611 0.061458 0.147222
0 0.438542 0.417361 0.066667 0.151389
0 0.553125 0.416667 0.062500 0.155556
3 0.671875 0.410417 0.072917 0.176389
0 0.788542 0.422917 0.064583 0.151389
3 0.103125 0.659028 0.069792 0.176389
3 0.209375 0.655556 0.068750 0.180556
3 0.448958 0.654167 0.073958 0.177778
3 0.556250 0.655556 0.072917 0.175000
3 0.788542 0.652778 0.071875 0.186111
3 0.894792 0.652778 0.075000 0.186111
1 0.103125 0.879861 0.089583 0.170833
1 0.207292 0.886806 0.094792 0.162500
1 0.331250 0.885417 0.094792 0.170833
1 0.439583 0.890278 0.089583 0.161111
1 0.556250 0.884028 0.094792 0.168056
1 0.673958 0.887500 0.095833 0.161111
1 0.788542 0.886111 0.090625 0.169444
1 0.902083 0.886806 0.093750 0.168056
