4 0.215625 0.188889 0.079167 0.116667
4 0.448958 0.187500 0.087500 0.111111
4 0.560417 0.186806 0.084375 0.115278
4 0.671875 0.190972 0.084375 0.115278
4 0.791667 0.191667 0.085417 0.108333
4 0.895833 0.193750 0.085417 0.109722
3 0.101042 0.405556 0.073958 0.183333
3 0.215625 0.406944 0.073958 0.183333
3 0.327083 0.402778 0.075000 0.183333
3 0.443750 0.405556 0.072917 0.186111
3 0.792708 0.404167 0.077083 0.180556
3 0.903125 0.403472 0.068750 0.181944
4 0.094792 0.690972 0.082292 0.112500
4 0.214583 0.693056 0.087500 0.108333
4 0.562500 0.690972 0.080208 0.115278
4 0.786458 0.686806 0.079167 0.112500
4 0.902083 0.687500 0.082292 0.113889
4 0.093750 0.910417 0.086458 0.109722
5 0.209375 0.938889 0.076042 0.052778
5 0.330208 0.943750 0.069792 0.054167
5 0.444792 0.940972 0.068750 0.056944
5 0.563542 0.940278 0.070833 0.058333
5 0.668750 0.941667 0.075000 0.058333
5 0.896875 0.940972 0.077083 0.051389
