1 0.092708 0.159028 0.094792 0.168056
1 0.207292 0.163194 0.095833 0.165278
1 0.323958 0.162500 0.091667 0.161111
1 0.445833 0.160417 0.097917 0.165278
1 0.676042 0.166667 0.095833 0.161111
1 0.792708 0.161806 0.097917 0.165278
1 0.901042 0.163889 0.096875 0.166667
1 0.096875 0.408333 0.093750 0.172222
1 0.212500 0.411806 0.096875 0.170833
1 0.327083 0.411111 0.096875 0.172222
1 0.443750 0.416667 0.093750 0.163889
1 0.552083 0.413194 0.097917 0.168056
1 0.666667 0.409028 0.092708 0.168056
1 0.784375 0.415278 0.090625 0.166667
1 0.905208 0.407639 0.092708 0.170833
4 0.100000 0.690972 0.081250 0.115278
4 0.214583 0.688889 0.087500 0.113889
2 0.326042 0.695833 0.107292 0.102778
4 0.437500 0.692361 0.085417 0.112500
0 0.561458 0.670139 0.062500 0.148611
4 0.677083 0.688889 0.079167 0.116667
4 0.786458 0.686111 0.083333 0.113889
4 0.902083 0.686111 0.082292 0.113889
5 0.104167 0.940972 0.072917 0.051389
5 0.215625 0.939583 0.073958 0.059722
5 0.323958 0.943056 0.068750 0.052778
5 0.437500 0.941667 0.068750 0.052778
5 0.561458 0.938194 0.072917 0.059722
5 0.673958 0.940278 0.071875 0.052778
5 0.901042 0.942361 0.077083 0.054167
