2 0.098958 0.200000 0.104167 0.094444
2 0.212500 0.195139 0.104167 0.098611
2 0.328125 0.195139 0.106250 0.101389
2 0.448958 0.200000 0.102083 0.097222
2 0.675000 0.194444 0.100000 0.100000
2 0.790625 0.195833 0.101042 0.094444
2 0.906250 0.197917 0.102083 0.095833
2 0.094792 0.452083 0.102083 0.093056
2 0.209375 0.447222 0.100000 0.094444
2 0.327083 0.448611 0.100000 0.097222
2 0.443750 0.447222 0.104167 0.091667
2 0.668750 0.449306 0.102083 0.095833
2 0.787500 0.447222 0.101042 0.100000
2 0.901042 0.443056 0.102083 0.102778
1 0.104167 0.668056 0.089583 0.161111
1 0.325000 0.661806 0.097917 0.165278
1 0.447917 0.666667 0.097917 0.163889
1 0.560417 0.662500 0.094792 0.166667
1 0.675000 0.659722 0.095833 0.166667
1 0.785417 0.660417 0.090625 0.165278
1 0.900000 0.663194 0.090625 0.170833
1 0.096875 0.881944 0.089583 0.166667
3 0.212500 0.872222 0.075000 0.186111
1 0.332292 0.880556 0.093750 0.172222
1 0.445833 0.884722 0.092708 0.161111
1 0.558333 0.888194 0.096875 0.162500
3 0.789583 0.879167 0.069792 0.183333
1 0.903125 0.885417 0.090625 0.168056
