5 0.097917 0.213889 0.072917 0.061111
5 0.218750 0.215278 0.076042 0.058333
5 0.323958 0.216667 0.076042 0.055556
5 0.448958 0.218056 0.069792 0.061111
5 0.551042 0.215972 0.077083 0.059722
5 0.677083 0.218750 0.069792 0.054167
5 0.786458 0.215278 0.077083 0.055556
5 0.905208 0.221528 0.075000 0.054167
1 0.092708 0.412500 0.089583 0.172222
1 0.212500 0.411111 0.090625 0.169444
1 0.328125 0.409722 0.096875 0.172222
1 0.443750 0.413889 0.091667 0.166667
1 0.667708 0.409722 0.095833 0.172222
1 0.782292 0.413194 0.094792 0.162500
4 0.094792 0.691667 0.083333 0.105556
4 0.219792 0.686111 0.079167 0.116667
4 0.325000 0.686111 0.082292 0.113889
4 0.438542 0.690278 0.085417 0.105556
4 0.562500 0.687500 0.079167 0.111111
4 0.675000 0.689583 0.080208 0.115278
4 0.784375 0.684722 0.081250 0.116667
4 0.894792 0.690972 0.083333 0.112500
5 0.100000 0.938194 0.068750 0.056944
5 0.209375 0.944444 0.077083 0.050000
5 0.322917 0.940972 0.068750 0.054167
5 0.439583 0.938194 0.068750 0.059722
5 0.673958 0.941667 0.076042 0.055556
5 0.788542 0.943750 0.072917 0.051389
5 0.907292 0.942361 0.070833 0.056944
