4 0.104167 0.188194 0.085417 0.109722
4 0.207292 0.190278 0.085417 0.105556
4 0.323958 0.189583 0.082292 0.112500
4 0.441667 0.192361 0.082292 0.109722
1 0.557292 0.165278 0.097917 0.161111
4 0.677083 0.193056 0.080208 0.108333
4 0.898958 0.187500 0.086458 0.113889
1 0.100000 0.415278 0.091667 0.166667
3 0.215625 0.407639 0.070833 0.181944
3 0.561458 0.404167 0.068750 0.183333
1 0.789583 0.409028 0.092708 0.170833
3 0.907292 0.409722 0.070833 0.177778
5 0.093750 0.716667 0.072917 0.055556
5 0.210417 0.713889 0.077083 0.061111
5 0.333333 0.713194 0.070833 0.059722
5 0.440625 0.718750 0.070833 0.054167
4 0.551042 0.685417 0.083333 0.115278
5 0.676042 0.715972 0.075000 0.054167
5 0.788542 0.715972 0.071875 0.059722
1 0.100000 0.883333 0.090625 0.169444
1 0.213542 0.881944 0.089583 0.169444
1 0.330208 0.883333 0.097917 0.166667
1 0.438542 0.888194 0.093750 0.162500
1 0.559375 0.884722 0.092708 0.163889
1 0.677083 0.883333 0.092708 0.169444
1 0.787500 0.886806 0.097917 0.162500
1 0.901042 0.886111 0.089583 0.169444
