3 0.093750 0.153472 0.068750 0.184722
3 0.212500 0.156944 0.073958 0.183333
5 0.330208 0.218750 0.073958 0.051389
3 0.443750 0.154861 0.070833 0.179167
3 0.553125 0.152083 0.071875 0.181944
3 0.672917 0.158333 0.077083 0.175000
3 0.786458 0.154167 0.077083 0.180556
3 0.903125 0.158333 0.077083 0.175000
0 0.103125 0.420833 0.058333 0.147222
0 0.211458 0.415278 0.060417 0.158333
0 0.333333 0.418056 0.061458 0.155556
0 0.447917 0.421528 0.061458 0.148611
0 0.563542 0.414583 0.060417 0.156944
0 0.792708 0.420139 0.066667 0.154167
0 0.897917 0.422222 0.060417 0.147222
5 0.105208 0.715278 0.077083 0.061111
5 0.323958 0.715278 0.071875 0.061111
5 0.445833 0.716667 0.069792 0.058333
5 0.552083 0.713889 0.075000 0.058333
5 0.669792 0.718056 0.072917 0.058333
5 0.791667 0.718056 0.068750 0.052778
5 0.903125 0.713194 0.069792 0.059722
3 0.210417 0.878472 0.072917 0.179167
0 0.327083 0.892361 0.058333 0.154167
0 0.445833 0.895833 0.066667 0.150000
0 0.558333 0.893750 0.062500 0.154167
0 0.665625 0.888889 0.060417 0.152778
0 0.784375 0.886806 0.065625 0.156944
0 0.903125 0.891667 0.061458 0.155556
