2 0.103125 0.195833 0.101042 0.100000
2 0.211458 0.191667 0.103125 0.102778
2 0.325000 0.196528 0.105208 0.101389
5 0.438542 0.215278 0.069792 0.061111
4 0.553125 0.185417 0.085417 0.115278
2 0.671875 0.193056 0.105208 0.100000
2 0.780208 0.196528 0.101042 0.098611
1 0.900000 0.163194 0.095833 0.168056
2 0.104167 0.447917 0.106250 0.098611
2 0.207292 0.447917 0.100000 0.098611
2 0.325000 0.445139 0.102083 0.095833
2 0.557292 0.449306 0.106250 0.093056
2 0.678125 0.447917 0.105208 0.095833
2 0.782292 0.448611 0.101042 0.100000
2 0.902083 0.447222 0.105208 0.091667
3 0.097917 0.661111 0.076042 0.175000
0 0.331250 0.668750 0.065625 0.156944
0 0.446875 0.665278 0.058333 0.155556
0 0.560417 0.673611 0.060417 0.150000
0 0.677083 0.670833 0.066667 0.152778
0 0.787500 0.670139 0.062500 0.151389
0 0.898958 0.670139 0.060417 0.156944
0 0.100000 0.891667 0.063542 0.152778
0 0.214583 0.888889 0.061458 0.155556
0 0.326042 0.890972 0.066667 0.148611
0 0.445833 0.888889 0.064583 0.152778
0 0.561458 0.891667 0.062500 0.150000
0 0.678125 0.892361 0.066667 0.148611
0 0.894792 0.894444 0.064583 0.147222
