4 0.210417 0.188194 0.082292 0.115278
4 0.334375 0.191667 0.081250 0.105556
4 0.440625 0.192361 0.081250 0.106944
4 0.551042 0.186111 0.083333 0.113889
4 0.675000 0.190278 0.082292 0.116667
0 0.786458 0.169444 0.063542 0.158333
4 0.898958 0.188889 0.083333 0.113889
4 0.097917 0.438194 0.082292 0.109722
4 0.213542 0.443750 0.086458 0.109722
4 0.325000 0.444444 0.085417 0.105556
4 0.562500 0.439583 0.081250 0.109722
4 0.897917 0.435417 0.083333 0.115278
0 0.092708 0.671528 0.066667 0.151389
0 0.210417 0.668750 0.058333 0.156944
0 0.328125 0.672222 0.062500 0.147222
0 0.439583 0.668056 0.058333 0.152778
0 0.553125 0.670139 0.061458 0.151389
0 0.670833 0.670139 0.059375 0.151389
0 0.782292 0.672222 0.064583 0.147222
0 0.907292 0.670139 0.059375 0.148611
3 0.218750 0.877778 0.072917 0.186111
3 0.329167 0.879861 0.077083 0.179167
3 0.442708 0.878472 0.068750 0.179167
3 0.551042 0.877778 0.069792 0.177778
3 0.673958 0.879167 0.070833 0.175000
4 0.783333 0.917361 0.087500 0.106944
2 0.896875 0.915278 0.105208 0.102778
