4 0.098958 0.186111 0.083333 0.113889
4 0.322917 0.190278 0.081250 0.108333
4 0.444792 0.190972 0.079167 0.112500
4 0.562500 0.189583 0.080208 0.109722
4 0.675000 0.192361 0.084375 0.106944
4 0.788542 0.192361 0.082292 0.109722
4 0.903125 0.190972 0.081250 0.109722
1 0.097917 0.413889 0.093750 0.161111
1 0.213542 0.415278 0.094792 0.163889
1 0.321875 0.412500 0.092708 0.161111
3 0.436458 0.404167 0.070833 0.177778
1 0.551042 0.413194 0.090625 0.162500
1 0.677083 0.411111 0.094792 0.169444
1 0.792708 0.416667 0.092708 0.161111
1 0.105208 0.666667 0.095833 0.161111
1 0.210417 0.661111 0.090625 0.163889
1 0.330208 0.657639 0.097917 0.170833
1 0.438542 0.663194 0.095833 0.162500
1 0.556250 0.665278 0.091667 0.166667
1 0.668750 0.661111 0.097917 0.163889
1 0.783333 0.660417 0.092708 0.165278
1 0.898958 0.661806 0.093750 0.170833
0 0.103125 0.890972 0.063542 0.154167
0 0.212500 0.895139 0.066667 0.151389
0 0.436458 0.890278 0.059375 0.152778
0 0.556250 0.893750 0.060417 0.151389
3 0.786458 0.879167 0.073958 0.175000
0 0.902083 0.893056 0.066667 0.155556
