0 0.093750 0.166667 0.065625 0.158333
4 0.214583 0.193750 0.081250 0.106944
0 0.331250 0.166667 0.064583 0.155556
0 0.448958 0.163889 0.066667 0.158333
0 0.552083 0.174306 0.058333 0.148611
0 0.669792 0.165972 0.060417 0.156944
0 0.785417 0.169444 0.058333 0.158333
2 0.327083 0.452083 0.106250 0.093056
2 0.439583 0.449306 0.107292 0.093056
2 0.561458 0.450000 0.100000 0.091667
2 0.790625 0.449306 0.103125 0.093056
2 0.907292 0.443750 0.105208 0.098611
1 0.101042 0.662500 0.089583 0.163889
1 0.219792 0.662500 0.097917 0.169444
1 0.328125 0.664583 0.097917 0.162500
1 0.561458 0.660417 0.096875 0.168056
1 0.665625 0.663194 0.094792 0.162500
1 0.897917 0.662500 0.096875 0.169444
2 0.101042 0.924306 0.107292 0.093056
2 0.214583 0.919444 0.100000 0.100000
2 0.329167 0.916667 0.104167 0.102778
2 0.447917 0.918056 0.105208 0.102778
2 0.563542 0.920833 0.100000 0.100000
2 0.668750 0.922222 0.104167 0.091667
2 0.787500 0.918056 0.103125 0.102778
2 0.902083 0.914583 0.104167 0.101389
