3 0.095833 0.158333 0.068750 0.175000
4 0.209375 0.187500 0.086458 0.113889
4 0.328125 0.189583 0.084375 0.106944
4 0.447917 0.190278 0.085417 0.113889
4 0.666667 0.190972 0.086458 0.112500
4 0.791667 0.190278 0.085417 0.111111
5 0.218750 0.465972 0.073958 0.056944
5 0.323958 0.471528 0.070833 0.051389
5 0.438542 0.468750 0.073958 0.056944
5 0.559375 0.464583 0.068750 0.056944
5 0.786458 0.466667 0.069792 0.061111
5 0.904167 0.468750 0.071875 0.056944
3 0.217708 0.651389 0.069792 0.186111
3 0.327083 0.654861 0.070833 0.181944
5 0.441667 0.717361 0.073958 0.051389
3 0.552083 0.657639 0.070833 0.181944
3 0.675000 0.654167 0.075000 0.177778
3 0.781250 0.654167 0.070833 0.186111
3 0.907292 0.656250 0.071875 0.181944
1 0.207292 0.881944 0.097917 0.172222
1 0.321875 0.884028 0.091667 0.170833
1 0.444792 0.884028 0.096875 0.165278
1 0.563542 0.882639 0.096875 0.170833
1 0.669792 0.883333 0.092708 0.163889
1 0.784375 0.884028 0.097917 0.162500
1 0.897917 0.888194 0.095833 0.162500
