4 0.103125 0.191667 0.081250 0.105556
2 0.218750 0.198611 0.107292 0.094444
2 0.325000 0.197917 0.104167 0.098611
2 0.444792 0.200000 0.104167 0.091667
2 0.782292 0.199306 0.103125 0.093056
2 0.901042 0.200000 0.107292 0.091667
1 0.093750 0.411111 0.094792 0.166667
1 0.212500 0.412500 0.095833 0.163889
1 0.445833 0.412500 0.092708 0.166667
1 0.561458 0.411111 0.093750 0.163889
1 0.676042 0.416667 0.097917 0.161111
1 0.905208 0.415972 0.095833 0.165278
0 0.104167 0.670833 0.060417 0.147222
0 0.209375 0.672917 0.063542 0.148611
0 0.444792 0.668750 0.058333 0.151389
0 0.552083 0.668750 0.058333 0.148611
0 0.666667 0.668056 0.066667 0.150000
0 0.781250 0.670833 0.059375 0.152778
0 0.896875 0.668056 0.059375 0.155556
2 0.102083 0.914583 0.100000 0.101389
2 0.215625 0.917361 0.100000 0.098611
2 0.327083 0.917361 0.108333 0.101389
2 0.442708 0.915278 0.104167 0.100000
2 0.551042 0.923611 0.102083 0.094444
2 0.666667 0.923611 0.101042 0.091667
2 0.791667 0.918056 0.100000 0.097222
