2 0.105208 0.193750 0.101042 0.101389
2 0.212500 0.201389 0.107292 0.094444
2 0.327083 0.197917 0.108333 0.095833
2 0.436458 0.195139 0.102083 0.101389
3 0.558333 0.157639 0.072917 0.176389
2 0.673958 0.197222 0.103125 0.097222
2 0.896875 0.195139 0.102083 0.098611
4 0.103125 0.440972 0.087500 0.115278
4 0.209375 0.439583 0.083333 0.112500
4 0.321875 0.440278 0.085417 0.113889
4 0.436458 0.438889 0.086458 0.111111
3 0.559375 0.407639 0.075000 0.181944
4 0.667708 0.440972 0.080208 0.109722
4 0.784375 0.443750 0.086458 0.109722
2 0.100000 0.697917 0.104167 0.093056
2 0.215625 0.695139 0.104167 0.095833
2 0.330208 0.694444 0.104167 0.102778
2 0.448958 0.697917 0.105208 0.098611
2 0.561458 0.697917 0.105208 0.095833
2 0.788542 0.697222 0.107292 0.091667
2 0.907292 0.699306 0.108333 0.098611
2 0.105208 0.913889 0.101042 0.102778
3 0.219792 0.881250 0.071875 0.176389
2 0.322917 0.917361 0.102083 0.098611
2 0.442708 0.925000 0.106250 0.091667
2 0.675000 0.920139 0.104167 0.095833
2 0.783333 0.919444 0.105208 0.094444
