5 0.212500 0.222222 0.070833 0.050000
5 0.327083 0.215278 0.071875 0.058333
5 0.437500 0.217361 0.072917 0.056944
2 0.551042 0.195833 0.107292 0.100000
5 0.672917 0.214583 0.076042 0.059722
5 0.098958 0.467361 0.070833 0.051389
5 0.217708 0.471528 0.072917 0.054167
5 0.321875 0.466667 0.073958 0.061111
5 0.437500 0.466667 0.070833 0.055556
5 0.561458 0.466667 0.075000 0.052778
5 0.666667 0.463194 0.069792 0.059722
5 0.792708 0.466667 0.068750 0.052778
5 0.096875 0.716667 0.071875 0.052778
5 0.210417 0.718750 0.075000 0.054167
5 0.327083 0.718750 0.069792 0.059722
5 0.445833 0.722222 0.070833 0.050000
5 0.554167 0.718056 0.073958 0.055556
5 0.780208 0.715278 0.076042 0.055556
4 0.104167 0.909028 0.079167 0.112500
4 0.212500 0.913889 0.080208 0.108333
4 0.333333 0.912500 0.086458 0.113889
4 0.440625 0.908333 0.086458 0.113889
4 0.553125 0.918056 0.085417 0.105556
4 0.676042 0.913889 0.081250 0.108333
4 0.786458 0.909028 0.084375 0.115278
4 0.896875 0.913194 0.083333 0.106944
