0 0.100000 0.169444 0.060417 0.155556
0 0.329167 0.168056 0.061458 0.150000
0 0.438542 0.170139 0.059375 0.154167
0 0.562500 0.164583 0.063542 0.156944
0 0.671875 0.172917 0.061458 0.151389
3 0.782292 0.150694 0.077083 0.184722
5 0.095833 0.469444 0.069792 0.050000
5 0.214583 0.465972 0.075000 0.059722
5 0.329167 0.466667 0.073958 0.052778
5 0.448958 0.466667 0.068750 0.052778
5 0.551042 0.466667 0.071875 0.061111
5 0.669792 0.463194 0.071875 0.059722
5 0.792708 0.471528 0.070833 0.051389
5 0.905208 0.471528 0.075000 0.051389
2 0.098958 0.702083 0.101042 0.093056
2 0.219792 0.695833 0.100000 0.102778
2 0.445833 0.696528 0.101042 0.093056
2 0.551042 0.693750 0.107292 0.101389
2 0.671875 0.700000 0.106250 0.091667
2 0.792708 0.696528 0.100000 0.098611
2 0.898958 0.700000 0.103125 0.094444
4 0.104167 0.912500 0.082292 0.113889
4 0.213542 0.908333 0.083333 0.116667
4 0.325000 0.912500 0.082292 0.105556
4 0.442708 0.906944 0.086458 0.116667
4 0.556250 0.909722 0.086458 0.116667
4 0.668750 0.911806 0.081250 0.109722
4 0.782292 0.909028 0.079167 0.115278
4 0.901042 0.911111 0.083333 0.113889
