2 0.209375 0.194444 0.105208 0.100000
2 0.334375 0.197222 0.108333 0.100000
2 0.444792 0.196528 0.107292 0.098611
2 0.563542 0.199306 0.105208 0.098611
2 0.785417 0.193056 0.101042 0.100000
2 0.095833 0.447917 0.103125 0.093056
1 0.447917 0.408333 0.095833 0.172222
2 0.560417 0.448611 0.106250 0.100000
2 0.672917 0.447222 0.103125 0.100000
2 0.785417 0.448611 0.108333 0.094444
2 0.906250 0.447917 0.108333 0.093056
1 0.102083 0.659722 0.089583 0.166667
1 0.214583 0.661111 0.095833 0.166667
1 0.330208 0.658333 0.096875 0.169444
1 0.447917 0.662500 0.094792 0.166667
1 0.667708 0.664583 0.089583 0.168056
1 0.786458 0.661806 0.092708 0.162500
1 0.902083 0.663194 0.091667 0.162500
4 0.094792 0.910417 0.079167 0.112500
4 0.208333 0.915278 0.085417 0.108333
4 0.327083 0.913889 0.082292 0.108333
4 0.442708 0.909722 0.083333 0.111111
4 0.551042 0.915972 0.083333 0.109722
4 0.667708 0.915972 0.086458 0.106944
4 0.785417 0.913889 0.081250 0.105556
4 0.904167 0.916667 0.084375 0.108333
