1 0.218750 0.163889 0.089583 0.161111
1 0.325000 0.159028 0.090625 0.170833
1 0.445833 0.163194 0.097917 0.165278
1 0.561458 0.163889 0.093750 0.163889
1 0.670833 0.163194 0.094792 0.170833
1 0.898958 0.164583 0.089583 0.168056
3 0.097917 0.404861 0.073958 0.179167
3 0.219792 0.409028 0.072917 0.176389
3 0.326042 0.406250 0.076042 0.179167
3 0.439583 0.403472 0.068750 0.179167
3 0.675000 0.401389 0.071875 0.186111
3 0.781250 0.402778 0.070833 0.186111
4 0.900000 0.438889 0.085417 0.108333
3 0.104167 0.653472 0.071875 0.181944
3 0.325000 0.653472 0.075000 0.184722
3 0.560417 0.651389 0.070833 0.183333
3 0.676042 0.655556 0.072917 0.183333
3 0.781250 0.655556 0.068750 0.175000
3 0.905208 0.656250 0.077083 0.179167
4 0.094792 0.912500 0.083333 0.111111
4 0.214583 0.910417 0.086458 0.112500
4 0.323958 0.912500 0.084375 0.116667
4 0.553125 0.914583 0.087500 0.106944
4 0.672917 0.911806 0.086458 0.106944
4 0.792708 0.914583 0.084375 0.106944
4 0.895833 0.906944 0.085417 0.116667
