3 0.101042 0.154861 0.072917 0.181944
3 0.212500 0.157639 0.075000 0.179167
3 0.327083 0.158333 0.072917 0.175000
3 0.437500 0.156944 0.072917 0.177778
1 0.551042 0.160417 0.091667 0.170833
3 0.784375 0.155556 0.069792 0.177778
3 0.904167 0.150694 0.068750 0.184722
5 0.103125 0.468056 0.071875 0.058333
5 0.212500 0.463889 0.070833 0.061111
5 0.322917 0.469444 0.070833 0.050000
5 0.446875 0.465972 0.075000 0.056944
5 0.551042 0.469444 0.077083 0.050000
5 0.678125 0.469444 0.071875 0.050000
5 0.782292 0.468056 0.076042 0.050000
5 0.903125 0.464583 0.068750 0.059722
0 0.094792 0.669444 0.063542 0.147222
3 0.211458 0.651389 0.068750 0.186111
0 0.332292 0.668750 0.062500 0.148611
0 0.448958 0.667361 0.061458 0.151389
0 0.552083 0.671528 0.061458 0.148611
0 0.673958 0.664583 0.059375 0.156944
0 0.781250 0.670833 0.061458 0.152778
3 0.095833 0.878472 0.071875 0.184722
3 0.208333 0.876389 0.076042 0.180556
3 0.331250 0.872917 0.076042 0.184722
3 0.446875 0.872917 0.069792 0.184722
3 0.561458 0.878472 0.069792 0.184722
3 0.670833 0.873611 0.070833 0.183333
3 0.788542 0.876389 0.073958 0.180556
3 0.903125 0.878472 0.076042 0.176389
