0 0.332292 0.169444 0.060417 0.152778
0 0.444792 0.169444 0.062500 0.152778
0 0.562500 0.168750 0.061458 0.154167
0 0.677083 0.167361 0.066667 0.156944
0 0.782292 0.173611 0.061458 0.147222
0 0.895833 0.171528 0.065625 0.148611
4 0.103125 0.445833 0.086458 0.105556
5 0.208333 0.463889 0.069792 0.058333
5 0.331250 0.472917 0.069792 0.051389
5 0.443750 0.466667 0.070833 0.055556
5 0.555208 0.468750 0.076042 0.059722
5 0.783333 0.465972 0.070833 0.056944
5 0.094792 0.713889 0.068750 0.061111
3 0.218750 0.651389 0.075000 0.183333
5 0.325000 0.718056 0.071875 0.061111
5 0.437500 0.716667 0.077083 0.052778
5 0.665625 0.714583 0.068750 0.059722
5 0.792708 0.719444 0.075000 0.058333
5 0.897917 0.715278 0.068750 0.061111
5 0.100000 0.938889 0.072917 0.061111
5 0.328125 0.939583 0.072917 0.056944
5 0.448958 0.945139 0.072917 0.051389
5 0.665625 0.936806 0.076042 0.056944
5 0.786458 0.940278 0.068750 0.052778
5 0.900000 0.938889 0.075000 0.055556
