5 0.098958 0.221528 0.068750 0.051389
5 0.210417 0.216667 0.068750 0.052778
0 0.333333 0.165972 0.066667 0.154167
5 0.441667 0.219444 0.070833 0.055556
5 0.551042 0.217361 0.077083 0.051389
5 0.780208 0.217361 0.068750 0.054167
5 0.902083 0.218750 0.075000 0.051389
2 0.093750 0.443750 0.101042 0.098611
2 0.217708 0.448611 0.106250 0.094444
2 0.334375 0.444444 0.105208 0.097222
2 0.437500 0.452083 0.107292 0.093056
2 0.670833 0.447917 0.106250 0.098611
2 0.786458 0.449306 0.102083 0.095833
2 0.895833 0.448611 0.103125 0.100000
5 0.097917 0.715972 0.069792 0.054167
5 0.212500 0.720833 0.069792 0.050000
5 0.439583 0.717361 0.075000 0.054167
5 0.562500 0.722222 0.075000 0.050000
4 0.667708 0.693056 0.081250 0.105556
5 0.902083 0.718056 0.070833 0.052778
3 0.093750 0.876389 0.068750 0.180556
3 0.218750 0.875000 0.076042 0.186111
3 0.322917 0.880556 0.070833 0.180556
3 0.445833 0.872222 0.070833 0.186111
3 0.551042 0.879167 0.075000 0.177778
3 0.898958 0.877083 0.068750 0.179167
