5 0.096875 0.215972 0.075000 0.054167
5 0.212500 0.214583 0.076042 0.059722
5 0.333333 0.221528 0.072917 0.054167
5 0.563542 0.215278 0.071875 0.058333
5 0.667708 0.219444 0.071875 0.055556
5 0.790625 0.218056 0.073958 0.050000
5 0.093750 0.470833 0.076042 0.055556
5 0.207292 0.469444 0.073958 0.055556
5 0.325000 0.470833 0.076042 0.055556
5 0.442708 0.463889 0.076042 0.058333
5 0.561458 0.466667 0.073958 0.058333
5 0.789583 0.470139 0.076042 0.054167
5 0.905208 0.466667 0.075000 0.061111
4 0.218750 0.686111 0.085417 0.113889
4 0.332292 0.686111 0.085417 0.113889
3 0.555208 0.653472 0.068750 0.184722
4 0.677083 0.688194 0.084375 0.115278
4 0.792708 0.688889 0.084375 0.113889
4 0.898958 0.686806 0.082292 0.112500
4 0.096875 0.914583 0.085417 0.109722
4 0.207292 0.909028 0.081250 0.112500
4 0.323958 0.911111 0.087500 0.116667
4 0.553125 0.912500 0.085417 0.111111
4 0.785417 0.913194 0.083333 0.106944
4 0.902083 0.913889 0.083333 0.105556
