1 0.105208 0.160417 0.092708 0.165278
1 0.207292 0.163889 0.095833 0.161111
1 0.333333 0.159028 0.094792 0.168056
2 0.442708 0.201389 0.102083 0.091667
1 0.552083 0.166667 0.091667 0.161111
1 0.667708 0.163889 0.091667 0.163889
1 0.790625 0.162500 0.091667 0.163889
0 0.208333 0.420139 0.058333 0.148611
0 0.332292 0.418750 0.061458 0.151389
0 0.439583 0.423611 0.061458 0.150000
0 0.553125 0.422222 0.061458 0.152778
0 0.669792 0.423611 0.058333 0.150000
0 0.783333 0.420139 0.058333 0.154167
0 0.904167 0.422222 0.063542 0.150000
0 0.097917 0.668056 0.064583 0.155556
0 0.219792 0.667361 0.060417 0.154167
0 0.325000 0.667361 0.065625 0.154167
0 0.442708 0.668056 0.062500 0.155556
0 0.563542 0.673611 0.064583 0.150000
0 0.675000 0.665972 0.064583 0.156944
0 0.783333 0.670833 0.065625 0.155556
0 0.900000 0.669444 0.064583 0.158333
0 0.096875 0.895833 0.066667 0.150000
0 0.217708 0.895139 0.063542 0.151389
0 0.322917 0.886806 0.061458 0.156944
0 0.443750 0.893056 0.064583 0.147222
0 0.562500 0.886111 0.065625 0.158333
0 0.666667 0.893056 0.059375 0.150000
0 0.790625 0.890972 0.060417 0.154167
0 0.897917 0.895139 0.064583 0.151389
