5 0.098958 0.220139 0.069792 0.054167
5 0.213542 0.212500 0.068750 0.061111
5 0.331250 0.222222 0.073958 0.050000
5 0.444792 0.212500 0.072917 0.061111
5 0.555208 0.220833 0.077083 0.052778
5 0.669792 0.218056 0.071875 0.055556
5 0.782292 0.213889 0.069792 0.058333
5 0.895833 0.223611 0.073958 0.050000
0 0.097917 0.420833 0.059375 0.155556
0 0.217708 0.415972 0.058333 0.154167
0 0.326042 0.422222 0.058333 0.147222
0 0.445833 0.420139 0.060417 0.148611
4 0.563542 0.443056 0.084375 0.105556
0 0.786458 0.420139 0.064583 0.154167
4 0.101042 0.690972 0.079167 0.109722
4 0.209375 0.691667 0.081250 0.108333
4 0.322917 0.688889 0.085417 0.113889
4 0.559375 0.691667 0.085417 0.111111
4 0.677083 0.692361 0.084375 0.112500
0 0.784375 0.670833 0.065625 0.150000
1 0.215625 0.879861 0.090625 0.170833
1 0.329167 0.883333 0.097917 0.166667
1 0.436458 0.881250 0.094792 0.170833
1 0.551042 0.884028 0.094792 0.170833
2 0.678125 0.913889 0.106250 0.102778
1 0.780208 0.881250 0.092708 0.170833
1 0.902083 0.883333 0.096875 0.163889
