0 0.096875 0.168750 0.061458 0.148611
0 0.215625 0.167361 0.061458 0.151389
0 0.322917 0.168750 0.065625 0.154167
0 0.441667 0.168056 0.065625 0.150000
0 0.562500 0.164583 0.061458 0.156944
0 0.668750 0.172222 0.062500 0.152778
0 0.783333 0.165278 0.063542 0.158333
4 0.217708 0.443056 0.087500 0.111111
4 0.332292 0.438194 0.079167 0.109722
4 0.440625 0.442361 0.080208 0.109722
2 0.553125 0.446528 0.106250 0.093056
4 0.786458 0.445833 0.083333 0.105556
2 0.098958 0.698611 0.108333 0.100000
2 0.215625 0.696528 0.102083 0.093056
2 0.334375 0.697222 0.108333 0.094444
2 0.441667 0.701389 0.102083 0.091667
2 0.557292 0.700000 0.105208 0.094444
2 0.670833 0.698611 0.108333 0.091667
2 0.906250 0.700000 0.106250 0.091667
0 0.092708 0.897222 0.063542 0.147222
0 0.208333 0.890972 0.060417 0.156944
0 0.326042 0.888194 0.061458 0.154167
0 0.448958 0.893056 0.060417 0.152778
4 0.563542 0.910417 0.084375 0.115278
0 0.668750 0.887500 0.063542 0.155556
0 0.789583 0.888889 0.066667 0.158333
0 0.906250 0.895139 0.062500 0.148611
