5 0.103125 0.215278 0.072917 0.055556
5 0.215625 0.217361 0.077083 0.051389
5 0.325000 0.220139 0.073958 0.054167
5 0.439583 0.218750 0.071875 0.054167
5 0.678125 0.220139 0.073958 0.051389
4 0.103125 0.440278 0.079167 0.108333
4 0.217708 0.443750 0.083333 0.109722
4 0.325000 0.439583 0.081250 0.106944
4 0.437500 0.439583 0.079167 0.115278
4 0.556250 0.437500 0.084375 0.116667
4 0.666667 0.438194 0.081250 0.112500
4 0.781250 0.440972 0.085417 0.112500
4 0.904167 0.442361 0.085417 0.106944
2 0.100000 0.694444 0.108333 0.097222
1 0.214583 0.665278 0.093750 0.166667
2 0.443750 0.698611 0.105208 0.091667
2 0.560417 0.698611 0.104167 0.094444
2 0.673958 0.700000 0.101042 0.094444
2 0.786458 0.695139 0.102083 0.098611
3 0.894792 0.654861 0.075000 0.179167
0 0.094792 0.888889 0.062500 0.152778
0 0.332292 0.894444 0.058333 0.147222
0 0.446875 0.891667 0.061458 0.155556
0 0.560417 0.888889 0.058333 0.158333
0 0.665625 0.892361 0.065625 0.148611
0 0.790625 0.892361 0.065625 0.156944
