3 0.104167 0.154861 0.073958 0.179167
3 0.215625 0.150694 0.069792 0.184722
3 0.329167 0.154861 0.076042 0.179167
3 0.443750 0.154861 0.075000 0.176389
3 0.559375 0.152083 0.071875 0.181944
3 0.783333 0.158333 0.073958 0.175000
3 0.905208 0.156250 0.069792 0.179167
2 0.100000 0.449306 0.100000 0.098611
2 0.214583 0.451389 0.102083 0.094444
2 0.321875 0.447917 0.105208 0.098611
2 0.442708 0.452778 0.100000 0.091667
1 0.553125 0.411111 0.089583 0.166667
2 0.670833 0.441667 0.104167 0.102778
2 0.789583 0.443056 0.100000 0.102778
2 0.900000 0.443750 0.108333 0.101389
1 0.095833 0.659722 0.095833 0.166667
1 0.213542 0.660417 0.089583 0.170833
1 0.334375 0.661111 0.096875 0.172222
1 0.440625 0.665972 0.096875 0.165278
2 0.559375 0.698611 0.102083 0.100000
3 0.672917 0.655556 0.073958 0.180556
1 0.785417 0.665972 0.097917 0.162500
4 0.894792 0.684722 0.085417 0.116667
1 0.104167 0.889583 0.097917 0.162500
1 0.211458 0.881944 0.094792 0.166667
1 0.323958 0.879861 0.092708 0.170833
0 0.444792 0.890278 0.066667 0.152778
4 0.559375 0.913194 0.086458 0.109722
1 0.789583 0.886806 0.093750 0.165278
1 0.895833 0.881944 0.092708 0.172222
