3 0.103125 0.157639 0.068750 0.179167
3 0.213542 0.156250 0.075000 0.181944
3 0.332292 0.154167 0.073958 0.183333
3 0.440625 0.156250 0.068750 0.181944
3 0.671875 0.158333 0.073958 0.180556
2 0.786458 0.197222 0.108333 0.102778
3 0.901042 0.158333 0.070833 0.177778
3 0.101042 0.402083 0.068750 0.181944
3 0.219792 0.400694 0.073958 0.184722
3 0.325000 0.406250 0.068750 0.184722
3 0.447917 0.406944 0.071875 0.180556
3 0.560417 0.402778 0.068750 0.186111
3 0.666667 0.406250 0.075000 0.184722
2 0.790625 0.444444 0.102083 0.102778
4 0.104167 0.687500 0.084375 0.111111
4 0.216667 0.690972 0.081250 0.112500
4 0.329167 0.690278 0.086458 0.113889
4 0.437500 0.688194 0.087500 0.112500
4 0.554167 0.690278 0.086458 0.116667
4 0.666667 0.690278 0.079167 0.116667
4 0.791667 0.685417 0.082292 0.115278
4 0.895833 0.688194 0.079167 0.115278
4 0.100000 0.917361 0.080208 0.106944
4 0.208333 0.913194 0.086458 0.115278
4 0.323958 0.918056 0.082292 0.105556
4 0.446875 0.910417 0.081250 0.109722
4 0.560417 0.913194 0.086458 0.106944
4 0.668750 0.915972 0.086458 0.106944
4 0.791667 0.914583 0.084375 0.106944
4 0.907292 0.912500 0.086458 0.111111
