4 0.098958 0.189583 0.083333 0.115278
4 0.214583 0.187500 0.087500 0.116667
3 0.437500 0.154861 0.073958 0.179167
4 0.553125 0.186111 0.081250 0.113889
4 0.668750 0.187500 0.083333 0.111111
4 0.900000 0.191667 0.085417 0.111111
1 0.217708 0.414583 0.090625 0.162500
1 0.331250 0.415278 0.096875 0.163889
1 0.669792 0.415278 0.092708 0.166667
1 0.791667 0.417361 0.095833 0.162500
1 0.906250 0.413889 0.095833 0.161111
4 0.098958 0.686806 0.082292 0.115278
4 0.210417 0.688194 0.079167 0.109722
4 0.321875 0.688889 0.083333 0.116667
4 0.439583 0.688889 0.083333 0.116667
4 0.551042 0.691667 0.086458 0.111111
4 0.665625 0.686111 0.084375 0.113889
4 0.782292 0.695139 0.081250 0.106944
4 0.902083 0.694444 0.087500 0.108333
3 0.092708 0.878472 0.071875 0.179167
3 0.217708 0.877778 0.075000 0.183333
3 0.326042 0.878472 0.070833 0.179167
3 0.437500 0.882639 0.077083 0.176389
3 0.677083 0.875000 0.068750 0.183333
3 0.791667 0.873611 0.072917 0.186111
