5 0.213542 0.213889 0.070833 0.061111
5 0.321875 0.218056 0.071875 0.050000
5 0.440625 0.215278 0.070833 0.055556
5 0.553125 0.216667 0.075000 0.058333
5 0.665625 0.223611 0.075000 0.050000
5 0.786458 0.220139 0.072917 0.056944
5 0.898958 0.218056 0.076042 0.058333
4 0.095833 0.438889 0.087500 0.116667
4 0.210417 0.440972 0.080208 0.115278
4 0.327083 0.438889 0.080208 0.111111
4 0.437500 0.439583 0.086458 0.109722
4 0.563542 0.444444 0.082292 0.105556
4 0.677083 0.442361 0.079167 0.112500
4 0.787500 0.437500 0.086458 0.116667
4 0.901042 0.439583 0.080208 0.106944
1 0.093750 0.657639 0.092708 0.170833
1 0.213542 0.661111 0.091667 0.172222
1 0.327083 0.662500 0.093750 0.172222
1 0.560417 0.659722 0.094792 0.172222
1 0.673958 0.665278 0.091667 0.163889
1 0.791667 0.661111 0.089583 0.166667
4 0.895833 0.691667 0.086458 0.108333
5 0.212500 0.943056 0.075000 0.055556
5 0.322917 0.940278 0.069792 0.052778
5 0.441667 0.941667 0.077083 0.058333
5 0.563542 0.945139 0.071875 0.051389
0 0.673958 0.894444 0.058333 0.150000
5 0.786458 0.938889 0.071875 0.061111
5 0.904167 0.940972 0.077083 0.051389
