0 0.100000 0.167361 0.058333 0.151389
0 0.212500 0.170833 0.058333 0.152778
0 0.329167 0.168056 0.062500 0.152778
0 0.444792 0.173611 0.063542 0.150000
0 0.554167 0.168056 0.059375 0.158333
0 0.668750 0.168056 0.066667 0.158333
0 0.785417 0.169444 0.064583 0.158333
0 0.897917 0.168056 0.058333 0.150000
2 0.095833 0.447222 0.102083 0.097222
2 0.209375 0.446528 0.102083 0.093056
2 0.330208 0.452778 0.101042 0.091667
2 0.442708 0.443056 0.104167 0.100000
2 0.557292 0.447917 0.104167 0.101389
2 0.791667 0.450694 0.100000 0.095833
2 0.905208 0.452083 0.108333 0.093056
0 0.097917 0.668750 0.061458 0.151389
0 0.334375 0.669444 0.063542 0.147222
0 0.437500 0.670833 0.059375 0.147222
0 0.671875 0.669444 0.066667 0.147222
0 0.785417 0.672222 0.063542 0.147222
0 0.903125 0.669444 0.061458 0.155556
5 0.103125 0.943056 0.077083 0.050000
5 0.207292 0.940972 0.077083 0.056944
5 0.322917 0.940278 0.071875 0.052778
5 0.446875 0.940278 0.072917 0.050000
5 0.559375 0.937500 0.073958 0.061111
3 0.677083 0.878472 0.069792 0.176389
5 0.781250 0.940972 0.075000 0.056944
5 0.905208 0.940278 0.075000 0.050000
