4 0.105208 0.190278 0.084375 0.108333
4 0.219792 0.184722 0.087500 0.116667
4 0.326042 0.188889 0.083333 0.116667
4 0.443750 0.186111 0.086458 0.116667
4 0.556250 0.191667 0.084375 0.105556
4 0.676042 0.190972 0.083333 0.109722
4 0.783333 0.195833 0.081250 0.105556
4 0.895833 0.193750 0.082292 0.109722
3 0.097917 0.409722 0.075000 0.177778
3 0.209375 0.402083 0.077083 0.181944
3 0.328125 0.404861 0.073958 0.184722
3 0.437500 0.405556 0.072917 0.175000
3 0.559375 0.400000 0.072917 0.186111
3 0.672917 0.405556 0.077083 0.186111
3 0.786458 0.407639 0.068750 0.181944
3 0.903125 0.405556 0.076042 0.180556
3 0.094792 0.659722 0.072917 0.177778
3 0.208333 0.654167 0.068750 0.186111
3 0.331250 0.651389 0.073958 0.186111
3 0.440625 0.650694 0.071875 0.184722
3 0.552083 0.659028 0.073958 0.176389
3 0.667708 0.652778 0.076042 0.183333
3 0.783333 0.659722 0.072917 0.177778
3 0.898958 0.650694 0.071875 0.184722
0 0.094792 0.894444 0.058333 0.150000
0 0.210417 0.890278 0.063542 0.150000
0 0.325000 0.891667 0.064583 0.155556
2 0.448958 0.920833 0.105208 0.100000
0 0.667708 0.893056 0.065625 0.152778
5 0.792708 0.940972 0.070833 0.054167
0 0.895833 0.893750 0.059375 0.151389
