1 0.097917 0.160417 0.089583 0.168056
1 0.321875 0.165278 0.094792 0.166667
1 0.442708 0.163889 0.092708 0.166667
1 0.556250 0.163194 0.097917 0.165278
1 0.678125 0.161806 0.097917 0.168056
1 0.789583 0.165278 0.096875 0.163889
1 0.903125 0.163889 0.097917 0.163889
3 0.208333 0.402778 0.071875 0.180556
0 0.438542 0.421528 0.059375 0.151389
3 0.557292 0.406944 0.075000 0.183333
3 0.670833 0.406250 0.077083 0.176389
3 0.783333 0.406944 0.068750 0.180556
3 0.907292 0.404167 0.071875 0.183333
4 0.092708 0.693750 0.080208 0.106944
4 0.209375 0.692361 0.079167 0.109722
4 0.326042 0.690278 0.080208 0.105556
4 0.444792 0.693750 0.085417 0.109722
0 0.562500 0.672222 0.062500 0.152778
4 0.676042 0.686806 0.084375 0.115278
4 0.786458 0.690972 0.083333 0.106944
4 0.907292 0.690278 0.084375 0.105556
0 0.097917 0.891667 0.058333 0.147222
0 0.216667 0.892361 0.059375 0.156944
0 0.331250 0.890972 0.058333 0.151389
0 0.558333 0.890972 0.060417 0.148611
0 0.666667 0.888889 0.061458 0.152778
5 0.897917 0.940972 0.077083 0.056944
