3 0.093750 0.154167 0.072917 0.186111
3 0.218750 0.154167 0.070833 0.180556
2 0.326042 0.200694 0.101042 0.093056
3 0.438542 0.160417 0.072917 0.176389
3 0.676042 0.155556 0.072917 0.175000
2 0.784375 0.199306 0.101042 0.093056
3 0.905208 0.156250 0.069792 0.181944
3 0.101042 0.406944 0.077083 0.175000
3 0.218750 0.403472 0.073958 0.179167
3 0.323958 0.402083 0.073958 0.181944
3 0.444792 0.405556 0.072917 0.186111
3 0.555208 0.400000 0.075000 0.186111
3 0.673958 0.404167 0.077083 0.186111
3 0.789583 0.402778 0.073958 0.183333
3 0.907292 0.409722 0.073958 0.177778
2 0.097917 0.702083 0.103125 0.093056
2 0.327083 0.691667 0.106250 0.102778
2 0.448958 0.698611 0.102083 0.091667
2 0.557292 0.701389 0.106250 0.091667
2 0.678125 0.697917 0.101042 0.093056
2 0.790625 0.701389 0.100000 0.091667
2 0.900000 0.694444 0.102083 0.097222
2 0.097917 0.924306 0.108333 0.093056
2 0.208333 0.923611 0.100000 0.094444
2 0.438542 0.918750 0.108333 0.095833
2 0.552083 0.919444 0.105208 0.094444
3 0.669792 0.880556 0.069792 0.180556
2 0.898958 0.916667 0.106250 0.102778
