0 0.094792 0.168056 0.063542 0.152778
0 0.219792 0.170139 0.066667 0.148611
0 0.329167 0.168056 0.059375 0.152778
0 0.446875 0.168750 0.059375 0.154167
0 0.559375 0.168750 0.062500 0.148611
0 0.667708 0.168056 0.061458 0.155556
0 0.789583 0.167361 0.061458 0.154167
0 0.906250 0.168750 0.058333 0.154167
5 0.219792 0.465278 0.068750 0.058333
5 0.557292 0.463194 0.072917 0.059722
5 0.673958 0.470833 0.075000 0.052778
5 0.792708 0.465278 0.077083 0.061111
5 0.900000 0.468056 0.075000 0.052778
0 0.102083 0.670139 0.063542 0.151389
0 0.327083 0.668056 0.062500 0.158333
0 0.446875 0.672222 0.059375 0.150000
0 0.556250 0.670833 0.059375 0.152778
0 0.677083 0.669444 0.066667 0.155556
0 0.791667 0.665278 0.062500 0.155556
0 0.905208 0.669444 0.065625 0.152778
5 0.103125 0.942361 0.075000 0.051389
5 0.210417 0.940278 0.077083 0.050000
2 0.329167 0.913889 0.107292 0.102778
5 0.447917 0.943056 0.072917 0.052778
5 0.557292 0.941667 0.075000 0.050000
5 0.677083 0.940278 0.073958 0.055556
5 0.785417 0.940972 0.073958 0.051389
5 0.901042 0.939583 0.068750 0.051389
