1 0.096875 0.166667 0.089583 0.163889
1 0.214583 0.163889 0.091667 0.163889
1 0.325000 0.168056 0.091667 0.161111
1 0.441667 0.163194 0.092708 0.162500
1 0.557292 0.162500 0.094792 0.166667
1 0.665625 0.161806 0.096875 0.165278
1 0.783333 0.162500 0.094792 0.169444
2 0.321875 0.448611 0.105208 0.091667
2 0.444792 0.445139 0.102083 0.098611
2 0.561458 0.448611 0.101042 0.091667
2 0.678125 0.446528 0.103125 0.098611
1 0.783333 0.415972 0.091667 0.165278
2 0.907292 0.452778 0.103125 0.091667
2 0.102083 0.695833 0.102083 0.102778
1 0.213542 0.662500 0.091667 0.172222
1 0.333333 0.661111 0.094792 0.172222
1 0.439583 0.661806 0.089583 0.165278
1 0.556250 0.663889 0.095833 0.163889
1 0.668750 0.664583 0.097917 0.168056
1 0.786458 0.661111 0.096875 0.169444
1 0.905208 0.659722 0.092708 0.166667
4 0.093750 0.910417 0.083333 0.109722
4 0.211458 0.912500 0.084375 0.111111
2 0.334375 0.920139 0.104167 0.098611
4 0.439583 0.909722 0.081250 0.113889
4 0.556250 0.907639 0.086458 0.115278
4 0.672917 0.913194 0.082292 0.115278
4 0.792708 0.910417 0.079167 0.115278
4 0.900000 0.915278 0.087500 0.111111
