2 0.095833 0.197222 0.101042 0.097222
2 0.218750 0.195139 0.107292 0.101389
1 0.328125 0.167361 0.091667 0.162500
2 0.440625 0.200694 0.107292 0.093056
1 0.554167 0.159722 0.096875 0.166667
2 0.668750 0.197222 0.100000 0.094444
2 0.792708 0.194444 0.100000 0.100000
2 0.894792 0.197222 0.107292 0.094444
1 0.097917 0.416667 0.089583 0.161111
3 0.209375 0.404861 0.069792 0.176389
1 0.325000 0.413889 0.092708 0.163889
1 0.440625 0.414583 0.089583 0.168056
1 0.558333 0.418056 0.096875 0.161111
1 0.667708 0.415278 0.092708 0.161111
1 0.791667 0.409028 0.094792 0.168056
1 0.906250 0.411806 0.090625 0.168056
2 0.218750 0.695139 0.106250 0.098611
3 0.325000 0.656944 0.073958 0.180556
2 0.448958 0.695833 0.101042 0.100000
3 0.672917 0.652778 0.068750 0.180556
2 0.790625 0.693056 0.102083 0.102778
5 0.093750 0.938889 0.075000 0.061111
5 0.321875 0.938194 0.071875 0.054167
5 0.439583 0.936111 0.075000 0.061111
5 0.559375 0.945833 0.076042 0.050000
5 0.667708 0.939583 0.072917 0.056944
5 0.780208 0.942361 0.075000 0.056944
5 0.896875 0.937500 0.073958 0.058333
