3 0.218750 0.152778 0.077083 0.186111
3 0.331250 0.152778 0.077083 0.180556
3 0.441667 0.156944 0.075000 0.175000
3 0.551042 0.153472 0.077083 0.181944
3 0.665625 0.161111 0.072917 0.175000
4 0.791667 0.189583 0.083333 0.109722
3 0.906250 0.155556 0.076042 0.180556
0 0.209375 0.422222 0.062500 0.147222
0 0.326042 0.423611 0.066667 0.147222
0 0.441667 0.418056 0.061458 0.150000
0 0.562500 0.424306 0.058333 0.148611
0 0.673958 0.420139 0.066667 0.154167
0 0.782292 0.418750 0.063542 0.154167
2 0.901042 0.445833 0.106250 0.102778
4 0.098958 0.690972 0.084375 0.109722
0 0.215625 0.669444 0.060417 0.155556
0 0.326042 0.666667 0.066667 0.152778
0 0.444792 0.672222 0.058333 0.150000
0 0.558333 0.665278 0.065625 0.158333
0 0.673958 0.670833 0.062500 0.150000
0 0.786458 0.673611 0.060417 0.147222
0 0.900000 0.667361 0.064583 0.154167
0 0.102083 0.891667 0.065625 0.155556
0 0.207292 0.893750 0.064583 0.151389
0 0.332292 0.890972 0.065625 0.156944
0 0.443750 0.891667 0.058333 0.150000
0 0.670833 0.893056 0.059375 0.150000
0 0.783333 0.893056 0.063542 0.150000
