4 0.095833 0.186111 0.079167 0.113889
4 0.323958 0.191667 0.082292 0.105556
4 0.444792 0.187500 0.082292 0.113889
4 0.553125 0.189583 0.079167 0.109722
4 0.678125 0.194444 0.084375 0.108333
4 0.789583 0.188194 0.082292 0.115278
4 0.898958 0.190278 0.085417 0.111111
5 0.101042 0.463889 0.077083 0.058333
5 0.211458 0.463889 0.068750 0.058333
5 0.333333 0.467361 0.073958 0.056944
5 0.441667 0.472222 0.068750 0.052778
5 0.558333 0.467361 0.075000 0.054167
5 0.668750 0.469444 0.075000 0.050000
5 0.789583 0.469444 0.068750 0.052778
5 0.904167 0.468750 0.076042 0.054167
0 0.104167 0.670833 0.060417 0.152778
0 0.325000 0.675000 0.065625 0.147222
0 0.437500 0.670139 0.064583 0.148611
0 0.563542 0.669444 0.061458 0.147222
0 0.675000 0.669444 0.066667 0.150000
0 0.780208 0.672917 0.060417 0.148611
5 0.101042 0.940278 0.073958 0.055556
4 0.215625 0.915278 0.086458 0.105556
5 0.329167 0.944444 0.075000 0.052778
5 0.441667 0.936806 0.073958 0.056944
0 0.563542 0.888889 0.062500 0.158333
5 0.668750 0.944444 0.068750 0.050000
5 0.894792 0.939583 0.077083 0.054167
