0 0.102083 0.166667 0.059375 0.158333
0 0.213542 0.170139 0.066667 0.156944
0 0.326042 0.170833 0.060417 0.152778
0 0.443750 0.169444 0.066667 0.150000
0 0.555208 0.172222 0.059375 0.147222
0 0.676042 0.168750 0.064583 0.151389
0 0.784375 0.170139 0.063542 0.156944
2 0.894792 0.197222 0.108333 0.100000
1 0.101042 0.408333 0.093750 0.172222
1 0.209375 0.413889 0.093750 0.169444
1 0.441667 0.412500 0.089583 0.169444
1 0.562500 0.411111 0.092708 0.163889
1 0.676042 0.410417 0.089583 0.170833
0 0.102083 0.668750 0.064583 0.148611
0 0.217708 0.670833 0.064583 0.147222
0 0.326042 0.665972 0.061458 0.154167
0 0.436458 0.665972 0.063542 0.154167
0 0.792708 0.671528 0.060417 0.154167
3 0.214583 0.881944 0.071875 0.177778
2 0.325000 0.919444 0.105208 0.091667
2 0.448958 0.916667 0.103125 0.097222
2 0.557292 0.917361 0.100000 0.095833
2 0.790625 0.920139 0.101042 0.095833
2 0.896875 0.915972 0.105208 0.098611
