5 0.219792 0.214583 0.069792 0.059722
2 0.331250 0.199306 0.103125 0.095833
5 0.437500 0.215278 0.077083 0.058333
5 0.553125 0.220833 0.068750 0.050000
5 0.673958 0.218750 0.077083 0.051389
5 0.790625 0.223611 0.072917 0.050000
5 0.897917 0.219444 0.072917 0.052778
5 0.093750 0.469444 0.072917 0.052778
5 0.211458 0.469444 0.071875 0.055556
5 0.321875 0.469444 0.071875 0.052778
5 0.447917 0.465972 0.072917 0.056944
5 0.556250 0.472917 0.077083 0.051389
5 0.668750 0.466667 0.072917 0.055556
5 0.789583 0.466667 0.068750 0.052778
5 0.904167 0.465972 0.068750 0.054167
0 0.105208 0.668056 0.065625 0.158333
0 0.210417 0.666667 0.062500 0.152778
0 0.327083 0.665972 0.065625 0.154167
0 0.437500 0.668056 0.066667 0.158333
0 0.559375 0.663889 0.063542 0.158333
0 0.670833 0.670139 0.064583 0.151389
0 0.792708 0.672917 0.064583 0.151389
0 0.897917 0.665278 0.061458 0.158333
2 0.104167 0.917361 0.102083 0.101389
2 0.212500 0.922222 0.102083 0.097222
2 0.322917 0.919444 0.100000 0.102778
2 0.439583 0.922222 0.101042 0.097222
2 0.560417 0.925000 0.104167 0.091667
2 0.667708 0.920139 0.101042 0.095833
2 0.783333 0.920139 0.106250 0.093056
2 0.896875 0.922222 0.107292 0.091667
