4 0.102083 0.195833 0.087500 0.105556
4 0.209375 0.186806 0.081250 0.112500
4 0.331250 0.185417 0.083333 0.115278
4 0.438542 0.193056 0.081250 0.105556
4 0.560417 0.190972 0.081250 0.115278
4 0.668750 0.187500 0.087500 0.116667
1 0.780208 0.165278 0.091667 0.166667
3 0.902083 0.154861 0.077083 0.176389
4 0.101042 0.440278 0.079167 0.116667
2 0.208333 0.445139 0.101042 0.098611
4 0.333333 0.438194 0.079167 0.115278
4 0.557292 0.440972 0.079167 0.109722
4 0.667708 0.442361 0.079167 0.106944
4 0.791667 0.439583 0.083333 0.109722
4 0.900000 0.442361 0.086458 0.106944
5 0.093750 0.718750 0.073958 0.059722
0 0.327083 0.668750 0.058333 0.151389
5 0.438542 0.714583 0.069792 0.059722
2 0.561458 0.695833 0.108333 0.102778
5 0.672917 0.712500 0.071875 0.061111
5 0.791667 0.722917 0.069792 0.051389
5 0.900000 0.719444 0.070833 0.058333
1 0.101042 0.881944 0.095833 0.166667
1 0.219792 0.884722 0.093750 0.161111
1 0.669792 0.886111 0.091667 0.163889
1 0.790625 0.889583 0.094792 0.162500
1 0.902083 0.889583 0.094792 0.162500
