3 0.097917 0.156944 0.077083 0.183333
3 0.214583 0.152778 0.076042 0.183333
3 0.323958 0.151389 0.075000 0.186111
3 0.443750 0.155556 0.071875 0.180556
3 0.551042 0.154861 0.073958 0.184722
3 0.666667 0.158333 0.073958 0.177778
2 0.790625 0.197917 0.108333 0.101389
3 0.900000 0.156250 0.070833 0.181944
4 0.102083 0.440972 0.079167 0.115278
4 0.325000 0.440278 0.084375 0.111111
4 0.446875 0.445833 0.086458 0.105556
4 0.555208 0.444444 0.086458 0.108333
4 0.675000 0.443056 0.084375 0.105556
4 0.782292 0.438194 0.085417 0.115278
4 0.906250 0.440972 0.079167 0.106944
5 0.100000 0.712500 0.069792 0.061111
3 0.214583 0.655556 0.070833 0.175000
3 0.665625 0.653472 0.068750 0.181944
3 0.784375 0.653472 0.076042 0.179167
3 0.898958 0.654861 0.073958 0.181944
1 0.105208 0.883333 0.090625 0.169444
1 0.210417 0.888194 0.095833 0.165278
3 0.325000 0.877778 0.072917 0.180556
1 0.555208 0.884722 0.092708 0.169444
1 0.673958 0.879861 0.096875 0.170833
1 0.788542 0.886111 0.093750 0.166667
1 0.897917 0.884722 0.089583 0.166667
