3 0.095833 0.154861 0.072917 0.176389
3 0.218750 0.154167 0.073958 0.186111
3 0.326042 0.157639 0.073958 0.176389
3 0.446875 0.156944 0.075000 0.180556
3 0.552083 0.152778 0.069792 0.186111
3 0.678125 0.155556 0.077083 0.180556
3 0.904167 0.154167 0.071875 0.180556
3 0.096875 0.400694 0.075000 0.184722
3 0.215625 0.404861 0.077083 0.181944
3 0.332292 0.402083 0.075000 0.184722
3 0.445833 0.402778 0.076042 0.186111
3 0.671875 0.407639 0.071875 0.176389
3 0.788542 0.400694 0.071875 0.184722
3 0.900000 0.401389 0.071875 0.183333
3 0.105208 0.654167 0.075000 0.177778
3 0.209375 0.657639 0.076042 0.176389
3 0.321875 0.661111 0.071875 0.175000
3 0.439583 0.653472 0.069792 0.181944
3 0.563542 0.650000 0.068750 0.186111
3 0.665625 0.654861 0.068750 0.179167
3 0.789583 0.659722 0.071875 0.177778
3 0.894792 0.654861 0.076042 0.184722
0 0.105208 0.890278 0.059375 0.152778
0 0.211458 0.889583 0.059375 0.156944
0 0.330208 0.893750 0.064583 0.151389
0 0.436458 0.891667 0.065625 0.152778
0 0.563542 0.894444 0.060417 0.152778
0 0.676042 0.889583 0.063542 0.151389
0 0.790625 0.894444 0.061458 0.152778
