4 0.095833 0.190972 0.080208 0.115278
4 0.209375 0.190278 0.079167 0.116667
4 0.326042 0.190278 0.079167 0.113889
4 0.438542 0.188889 0.084375 0.113889
5 0.554167 0.220833 0.069792 0.055556
4 0.671875 0.184722 0.081250 0.116667
4 0.783333 0.193056 0.080208 0.111111
1 0.097917 0.413889 0.097917 0.169444
1 0.219792 0.415278 0.097917 0.161111
1 0.325000 0.409028 0.089583 0.168056
1 0.448958 0.410417 0.097917 0.165278
1 0.558333 0.411806 0.095833 0.170833
1 0.675000 0.415972 0.096875 0.162500
1 0.791667 0.411806 0.093750 0.168056
1 0.902083 0.409722 0.096875 0.169444
0 0.098958 0.670139 0.063542 0.154167
0 0.210417 0.666667 0.060417 0.155556
0 0.325000 0.675000 0.065625 0.147222
0 0.440625 0.668750 0.063542 0.148611
0 0.675000 0.673611 0.061458 0.150000
0 0.904167 0.668750 0.063542 0.148611
5 0.100000 0.940972 0.075000 0.054167
0 0.210417 0.891667 0.066667 0.152778
5 0.333333 0.941667 0.069792 0.058333
5 0.551042 0.943056 0.075000 0.052778
5 0.669792 0.936806 0.071875 0.056944
5 0.783333 0.935417 0.072917 0.059722
5 0.897917 0.940278 0.075000 0.058333
