0 0.103125 0.170833 0.059375 0.152778
0 0.210417 0.168056 0.063542 0.152778
0 0.325000 0.170139 0.058333 0.151389
0 0.437500 0.169444 0.061458 0.147222
0 0.559375 0.172917 0.061458 0.148611
0 0.667708 0.175000 0.066667 0.147222
0 0.904167 0.170833 0.060417 0.147222
5 0.098958 0.465278 0.071875 0.058333
1 0.208333 0.409722 0.095833 0.172222
5 0.327083 0.469444 0.076042 0.050000
5 0.436458 0.471528 0.071875 0.054167
5 0.552083 0.472222 0.072917 0.052778
5 0.677083 0.466667 0.076042 0.058333
5 0.787500 0.466667 0.069792 0.061111
5 0.901042 0.471528 0.075000 0.054167
0 0.098958 0.665972 0.060417 0.156944
0 0.216667 0.670833 0.066667 0.147222
0 0.323958 0.673611 0.063542 0.150000
0 0.437500 0.665278 0.063542 0.158333
0 0.557292 0.667361 0.063542 0.156944
0 0.670833 0.669444 0.066667 0.147222
0 0.787500 0.671528 0.064583 0.154167
0 0.900000 0.665278 0.063542 0.155556
0 0.098958 0.886111 0.062500 0.158333
0 0.329167 0.891667 0.060417 0.158333
0 0.445833 0.891667 0.058333 0.150000
0 0.561458 0.896528 0.058333 0.148611
0 0.676042 0.893056 0.058333 0.155556
0 0.781250 0.895139 0.064583 0.151389
3 0.896875 0.880556 0.071875 0.175000
