2 0.100000 0.195139 0.106250 0.101389
1 0.207292 0.159722 0.095833 0.169444
5 0.331250 0.218056 0.070833 0.052778
1 0.436458 0.164583 0.094792 0.165278
1 0.554167 0.164583 0.093750 0.165278
1 0.666667 0.159028 0.089583 0.168056
1 0.902083 0.158333 0.092708 0.169444
5 0.101042 0.469444 0.069792 0.052778
5 0.214583 0.470833 0.069792 0.050000
5 0.334375 0.465972 0.073958 0.059722
5 0.448958 0.470139 0.070833 0.056944
5 0.559375 0.464583 0.068750 0.056944
5 0.787500 0.471528 0.072917 0.051389
5 0.897917 0.465972 0.076042 0.054167
4 0.210417 0.686111 0.084375 0.116667
4 0.325000 0.691667 0.087500 0.111111
4 0.446875 0.694444 0.079167 0.105556
4 0.559375 0.687500 0.086458 0.113889
4 0.669792 0.686806 0.082292 0.115278
4 0.900000 0.693056 0.084375 0.108333
5 0.097917 0.943056 0.068750 0.055556
5 0.323958 0.940972 0.069792 0.051389
5 0.441667 0.936806 0.073958 0.056944
5 0.561458 0.940278 0.077083 0.058333
5 0.668750 0.938889 0.069792 0.055556
5 0.897917 0.941667 0.068750 0.050000
