2 0.101042 0.201389 0.102083 0.091667
2 0.207292 0.194444 0.108333 0.100000
2 0.333333 0.200694 0.101042 0.093056
2 0.441667 0.197917 0.108333 0.098611
2 0.556250 0.193056 0.100000 0.102778
2 0.792708 0.193056 0.102083 0.100000
2 0.896875 0.197917 0.106250 0.101389
5 0.104167 0.466667 0.076042 0.061111
5 0.212500 0.472222 0.077083 0.052778
5 0.326042 0.464583 0.069792 0.056944
5 0.438542 0.468750 0.075000 0.059722
5 0.556250 0.464583 0.073958 0.056944
5 0.668750 0.465278 0.069792 0.055556
5 0.905208 0.465972 0.069792 0.056944
5 0.101042 0.716667 0.073958 0.055556
5 0.323958 0.718056 0.076042 0.055556
5 0.446875 0.718056 0.075000 0.058333
5 0.562500 0.715972 0.068750 0.059722
5 0.672917 0.718056 0.071875 0.055556
5 0.790625 0.714583 0.077083 0.056944
5 0.897917 0.719444 0.077083 0.055556
3 0.216667 0.874306 0.077083 0.184722
3 0.333333 0.875000 0.071875 0.186111
5 0.563542 0.940278 0.071875 0.050000
3 0.677083 0.873611 0.068750 0.183333
3 0.786458 0.875694 0.076042 0.184722
3 0.896875 0.875000 0.076042 0.180556
