0 0.103125 0.164583 0.065625 0.156944
0 0.216667 0.171528 0.060417 0.151389
0 0.322917 0.172222 0.059375 0.152778
0 0.440625 0.167361 0.063542 0.156944
3 0.558333 0.154861 0.071875 0.179167
0 0.667708 0.168750 0.065625 0.148611
0 0.096875 0.420833 0.061458 0.147222
0 0.440625 0.418750 0.063542 0.156944
0 0.552083 0.422222 0.063542 0.150000
0 0.678125 0.417361 0.066667 0.156944
0 0.787500 0.422222 0.064583 0.152778
0 0.896875 0.415278 0.063542 0.155556
5 0.093750 0.718750 0.075000 0.059722
1 0.216667 0.661806 0.095833 0.162500
5 0.332292 0.717361 0.069792 0.059722
5 0.448958 0.720833 0.070833 0.050000
5 0.560417 0.713194 0.075000 0.059722
5 0.675000 0.720139 0.072917 0.054167
5 0.906250 0.717361 0.070833 0.054167
4 0.095833 0.913889 0.084375 0.113889
4 0.209375 0.912500 0.080208 0.113889
4 0.327083 0.918056 0.080208 0.105556
4 0.448958 0.909028 0.087500 0.112500
4 0.561458 0.914583 0.081250 0.109722
4 0.672917 0.912500 0.079167 0.116667
4 0.791667 0.912500 0.082292 0.113889
4 0.902083 0.912500 0.084375 0.108333
