0 0.094792 0.173611 0.062500 0.147222
0 0.216667 0.169444 0.066667 0.152778
0 0.322917 0.168750 0.065625 0.154167
0 0.444792 0.170833 0.064583 0.147222
5 0.673958 0.213194 0.070833 0.059722
0 0.894792 0.172917 0.063542 0.151389
1 0.219792 0.413194 0.089583 0.165278
1 0.323958 0.409028 0.091667 0.170833
1 0.444792 0.413889 0.095833 0.161111
1 0.561458 0.408333 0.093750 0.172222
1 0.781250 0.413889 0.095833 0.169444
5 0.217708 0.717361 0.069792 0.054167
5 0.443750 0.716667 0.072917 0.055556
5 0.563542 0.715972 0.077083 0.059722
5 0.665625 0.717361 0.076042 0.054167
5 0.783333 0.716667 0.068750 0.061111
5 0.905208 0.713889 0.068750 0.058333
5 0.100000 0.938889 0.075000 0.058333
5 0.214583 0.938194 0.069792 0.056944
5 0.323958 0.941667 0.076042 0.050000
5 0.442708 0.935417 0.072917 0.059722
5 0.667708 0.938889 0.076042 0.058333
5 0.790625 0.938889 0.070833 0.055556
