5 0.100000 0.220833 0.072917 0.050000
2 0.214583 0.200000 0.107292 0.091667
2 0.325000 0.201389 0.104167 0.094444
2 0.445833 0.191667 0.102083 0.102778
2 0.673958 0.200694 0.101042 0.093056
2 0.783333 0.197222 0.105208 0.097222
4 0.105208 0.437500 0.087500 0.111111
4 0.219792 0.438194 0.080208 0.109722
4 0.445833 0.444444 0.084375 0.105556
2 0.562500 0.447222 0.103125 0.102778
4 0.668750 0.436806 0.087500 0.115278
4 0.789583 0.437500 0.081250 0.116667
4 0.904167 0.439583 0.079167 0.112500
3 0.100000 0.655556 0.070833 0.177778
3 0.219792 0.658333 0.068750 0.180556
3 0.332292 0.658333 0.068750 0.180556
3 0.439583 0.657639 0.075000 0.179167
3 0.552083 0.656944 0.076042 0.175000
2 0.677083 0.700694 0.101042 0.093056
3 0.781250 0.653472 0.076042 0.179167
1 0.896875 0.663889 0.095833 0.163889
2 0.208333 0.918056 0.102083 0.094444
2 0.328125 0.918056 0.101042 0.102778
2 0.438542 0.917361 0.105208 0.101389
2 0.562500 0.917361 0.104167 0.098611
0 0.677083 0.892361 0.063542 0.151389
2 0.780208 0.922917 0.102083 0.095833
2 0.900000 0.920833 0.103125 0.097222
