4 0.105208 0.195833 0.079167 0.105556
4 0.215625 0.186806 0.086458 0.115278
4 0.334375 0.185417 0.084375 0.115278
4 0.446875 0.193056 0.083333 0.108333
4 0.562500 0.192361 0.083333 0.109722
4 0.665625 0.188889 0.085417 0.116667
4 0.784375 0.190278 0.087500 0.108333
4 0.894792 0.187500 0.084375 0.111111
5 0.095833 0.466667 0.073958 0.052778
5 0.219792 0.470833 0.076042 0.055556
5 0.332292 0.468750 0.071875 0.054167
5 0.552083 0.470833 0.075000 0.052778
5 0.780208 0.468750 0.075000 0.054167
5 0.906250 0.470139 0.071875 0.056944
4 0.092708 0.687500 0.082292 0.111111
4 0.211458 0.690278 0.086458 0.116667
4 0.326042 0.689583 0.083333 0.112500
4 0.443750 0.695139 0.084375 0.106944
4 0.676042 0.693750 0.084375 0.109722
4 0.791667 0.688889 0.083333 0.116667
4 0.900000 0.691667 0.079167 0.111111
2 0.095833 0.915278 0.104167 0.100000
2 0.215625 0.918750 0.102083 0.095833
2 0.322917 0.923611 0.101042 0.094444
2 0.444792 0.923611 0.103125 0.094444
2 0.552083 0.919444 0.101042 0.091667
5 0.672917 0.940278 0.077083 0.058333
2 0.791667 0.918750 0.108333 0.101389
