5 0.104167 0.214583 0.076042 0.059722
5 0.215625 0.219444 0.073958 0.050000
5 0.321875 0.214583 0.069792 0.059722
5 0.558333 0.217361 0.068750 0.051389
5 0.673958 0.217361 0.068750 0.059722
5 0.791667 0.220139 0.070833 0.051389
5 0.907292 0.220139 0.073958 0.054167
5 0.100000 0.468056 0.075000 0.050000
5 0.210417 0.468750 0.069792 0.054167
5 0.443750 0.469444 0.072917 0.052778
5 0.562500 0.468750 0.073958 0.059722
5 0.677083 0.465972 0.068750 0.054167
5 0.788542 0.465972 0.075000 0.056944
5 0.897917 0.468056 0.070833 0.058333
4 0.093750 0.690972 0.085417 0.106944
4 0.322917 0.686111 0.081250 0.113889
4 0.442708 0.690278 0.084375 0.111111
4 0.556250 0.691667 0.082292 0.108333
4 0.897917 0.693750 0.084375 0.106944
0 0.103125 0.891667 0.061458 0.158333
0 0.219792 0.888889 0.066667 0.152778
0 0.321875 0.890278 0.060417 0.150000
0 0.437500 0.892361 0.058333 0.148611
0 0.559375 0.895833 0.061458 0.147222
4 0.676042 0.912500 0.079167 0.113889
0 0.780208 0.892361 0.060417 0.154167
0 0.896875 0.886806 0.059375 0.156944
