0 0.105208 0.165972 0.059375 0.154167
0 0.216667 0.169444 0.062500 0.147222
0 0.329167 0.170139 0.066667 0.151389
0 0.439583 0.166667 0.066667 0.155556
0 0.563542 0.168056 0.065625 0.158333
3 0.675000 0.158333 0.071875 0.175000
0 0.781250 0.165972 0.063542 0.156944
0 0.903125 0.170139 0.065625 0.156944
5 0.092708 0.465278 0.075000 0.055556
5 0.212500 0.469444 0.070833 0.055556
5 0.440625 0.470833 0.068750 0.050000
5 0.552083 0.464583 0.069792 0.056944
5 0.668750 0.467361 0.071875 0.051389
5 0.789583 0.468056 0.069792 0.061111
3 0.096875 0.652083 0.069792 0.181944
3 0.207292 0.654861 0.069792 0.184722
3 0.441667 0.656250 0.071875 0.176389
1 0.562500 0.666667 0.091667 0.163889
3 0.673958 0.652083 0.071875 0.184722
3 0.785417 0.654167 0.077083 0.180556
3 0.898958 0.656944 0.069792 0.183333
3 0.103125 0.881944 0.070833 0.177778
3 0.218750 0.877778 0.071875 0.175000
3 0.333333 0.875694 0.068750 0.179167
3 0.441667 0.879861 0.070833 0.176389
3 0.554167 0.880556 0.071875 0.177778
3 0.669792 0.877778 0.075000 0.175000
3 0.897917 0.879167 0.077083 0.180556
