4 0.097917 0.191667 0.086458 0.105556
0 0.321875 0.170833 0.065625 0.152778
0 0.556250 0.173611 0.065625 0.147222
0 0.671875 0.168056 0.066667 0.155556
0 0.783333 0.170139 0.066667 0.151389
0 0.905208 0.170139 0.058333 0.154167
5 0.096875 0.463889 0.069792 0.061111
2 0.210417 0.443750 0.106250 0.101389
5 0.326042 0.466667 0.071875 0.058333
5 0.448958 0.468056 0.070833 0.058333
5 0.554167 0.472222 0.071875 0.052778
0 0.781250 0.423611 0.062500 0.147222
5 0.902083 0.465278 0.071875 0.055556
5 0.096875 0.717361 0.069792 0.056944
5 0.210417 0.722917 0.075000 0.051389
5 0.446875 0.717361 0.071875 0.054167
5 0.554167 0.714583 0.076042 0.059722
3 0.677083 0.656944 0.075000 0.180556
5 0.792708 0.713889 0.071875 0.058333
5 0.895833 0.715278 0.070833 0.055556
1 0.105208 0.882639 0.095833 0.170833
1 0.209375 0.880556 0.089583 0.169444
1 0.334375 0.883333 0.094792 0.169444
1 0.437500 0.888194 0.096875 0.165278
1 0.555208 0.889583 0.093750 0.162500
1 0.665625 0.884028 0.094792 0.168056
1 0.782292 0.884722 0.092708 0.163889
