2 0.098958 0.193750 0.106250 0.101389
2 0.209375 0.196528 0.102083 0.095833
2 0.327083 0.197222 0.100000 0.091667
2 0.442708 0.200694 0.106250 0.095833
0 0.563542 0.165972 0.058333 0.156944
2 0.670833 0.201389 0.105208 0.091667
2 0.782292 0.195833 0.105208 0.100000
2 0.898958 0.199306 0.100000 0.093056
2 0.103125 0.450694 0.103125 0.093056
2 0.210417 0.447917 0.100000 0.093056
2 0.330208 0.450000 0.102083 0.094444
2 0.438542 0.444444 0.102083 0.102778
2 0.557292 0.447917 0.105208 0.101389
2 0.670833 0.445833 0.107292 0.094444
1 0.785417 0.409722 0.097917 0.172222
2 0.897917 0.446528 0.104167 0.098611
4 0.093750 0.686111 0.083333 0.113889
4 0.209375 0.690278 0.083333 0.108333
4 0.445833 0.690278 0.081250 0.116667
4 0.677083 0.690972 0.083333 0.112500
4 0.789583 0.693750 0.086458 0.109722
4 0.902083 0.686806 0.085417 0.112500
4 0.328125 0.909722 0.087500 0.113889
4 0.560417 0.912500 0.086458 0.105556
4 0.673958 0.911806 0.086458 0.109722
0 0.781250 0.889583 0.060417 0.156944
