1 0.092708 0.160417 0.093750 0.168056
1 0.209375 0.161806 0.092708 0.162500
1 0.333333 0.162500 0.095833 0.169444
1 0.441667 0.163194 0.091667 0.162500
2 0.562500 0.197917 0.106250 0.093056
1 0.670833 0.159028 0.093750 0.170833
1 0.900000 0.161806 0.092708 0.165278
4 0.101042 0.439583 0.084375 0.106944
4 0.211458 0.442361 0.084375 0.112500
4 0.323958 0.440972 0.085417 0.106944
4 0.448958 0.436806 0.079167 0.115278
4 0.557292 0.438194 0.087500 0.112500
1 0.677083 0.416667 0.095833 0.163889
4 0.780208 0.435417 0.083333 0.115278
4 0.904167 0.439583 0.084375 0.109722
3 0.101042 0.650000 0.070833 0.186111
3 0.211458 0.655556 0.075000 0.175000
3 0.326042 0.656944 0.068750 0.183333
3 0.440625 0.656944 0.070833 0.177778
3 0.554167 0.658333 0.077083 0.180556
3 0.791667 0.651389 0.071875 0.186111
3 0.898958 0.653472 0.077083 0.184722
5 0.103125 0.945139 0.071875 0.051389
5 0.208333 0.936111 0.072917 0.061111
5 0.329167 0.935417 0.070833 0.059722
5 0.447917 0.940972 0.072917 0.051389
5 0.559375 0.945139 0.069792 0.051389
5 0.678125 0.935417 0.072917 0.059722
5 0.900000 0.944444 0.076042 0.052778
