3 0.095833 0.153472 0.071875 0.184722
3 0.214583 0.155556 0.075000 0.177778
3 0.323958 0.155556 0.069792 0.183333
3 0.448958 0.156250 0.073958 0.181944
3 0.556250 0.156944 0.077083 0.175000
3 0.668750 0.155556 0.068750 0.177778
3 0.782292 0.157639 0.072917 0.181944
0 0.104167 0.416667 0.064583 0.155556
0 0.212500 0.425000 0.059375 0.147222
0 0.322917 0.418750 0.064583 0.156944
0 0.448958 0.418056 0.062500 0.158333
0 0.558333 0.418056 0.059375 0.152778
0 0.672917 0.419444 0.063542 0.150000
0 0.780208 0.419444 0.062500 0.158333
0 0.905208 0.418750 0.061458 0.156944
2 0.100000 0.699306 0.104167 0.098611
2 0.211458 0.695139 0.105208 0.101389
2 0.325000 0.697222 0.108333 0.094444
2 0.439583 0.697222 0.103125 0.097222
2 0.559375 0.700000 0.100000 0.091667
2 0.672917 0.695139 0.107292 0.101389
2 0.787500 0.693056 0.101042 0.100000
1 0.105208 0.883333 0.090625 0.172222
4 0.216667 0.915278 0.085417 0.111111
4 0.325000 0.912500 0.080208 0.108333
4 0.554167 0.915278 0.083333 0.105556
4 0.666667 0.913889 0.082292 0.113889
1 0.787500 0.881944 0.093750 0.166667
4 0.895833 0.913194 0.086458 0.115278
