5 0.097917 0.215972 0.071875 0.056944
5 0.216667 0.220139 0.071875 0.054167
3 0.321875 0.154861 0.069792 0.179167
5 0.444792 0.215972 0.071875 0.054167
5 0.560417 0.218056 0.075000 0.052778
5 0.666667 0.215972 0.072917 0.059722
5 0.792708 0.220833 0.075000 0.052778
5 0.896875 0.218056 0.072917 0.061111
3 0.093750 0.403472 0.077083 0.184722
3 0.218750 0.402778 0.068750 0.186111
3 0.329167 0.404167 0.073958 0.183333
3 0.448958 0.407639 0.070833 0.179167
3 0.561458 0.409722 0.073958 0.175000
3 0.677083 0.406944 0.073958 0.175000
3 0.781250 0.405556 0.070833 0.175000
3 0.901042 0.406944 0.075000 0.177778
5 0.093750 0.722917 0.075000 0.051389
5 0.207292 0.716667 0.075000 0.055556
5 0.438542 0.715278 0.072917 0.058333
5 0.560417 0.714583 0.069792 0.059722
5 0.671875 0.719444 0.071875 0.055556
5 0.785417 0.717361 0.072917 0.051389
5 0.907292 0.715278 0.068750 0.055556
4 0.100000 0.913889 0.087500 0.111111
4 0.212500 0.914583 0.084375 0.109722
4 0.333333 0.911806 0.079167 0.115278
4 0.443750 0.914583 0.082292 0.112500
5 0.561458 0.943056 0.073958 0.050000
4 0.671875 0.913194 0.080208 0.112500
4 0.780208 0.908333 0.087500 0.116667
4 0.902083 0.911111 0.086458 0.108333
