2 0.322917 0.196528 0.107292 0.098611
2 0.446875 0.197222 0.106250 0.102778
2 0.558333 0.201389 0.103125 0.094444
2 0.670833 0.197917 0.106250 0.095833
2 0.905208 0.200000 0.101042 0.097222
1 0.092708 0.410417 0.094792 0.165278
1 0.219792 0.414583 0.089583 0.168056
1 0.327083 0.411111 0.090625 0.166667
1 0.561458 0.416667 0.096875 0.161111
1 0.792708 0.411806 0.091667 0.162500
1 0.895833 0.411111 0.094792 0.163889
4 0.104167 0.690972 0.084375 0.112500
4 0.211458 0.687500 0.084375 0.111111
4 0.331250 0.689583 0.086458 0.109722
4 0.440625 0.691667 0.079167 0.113889
4 0.561458 0.690278 0.082292 0.116667
4 0.672917 0.691667 0.079167 0.111111
4 0.782292 0.690278 0.086458 0.113889
4 0.897917 0.693056 0.086458 0.111111
1 0.096875 0.888194 0.095833 0.165278
1 0.207292 0.882639 0.091667 0.165278
1 0.330208 0.882639 0.089583 0.165278
1 0.445833 0.886806 0.089583 0.165278
2 0.551042 0.920139 0.103125 0.095833
1 0.665625 0.887500 0.092708 0.166667
1 0.784375 0.884722 0.095833 0.172222
1 0.896875 0.885417 0.091667 0.168056
