5 0.101042 0.216667 0.073958 0.061111
3 0.216667 0.156944 0.073958 0.177778
5 0.333333 0.217361 0.071875 0.054167
5 0.440625 0.215278 0.076042 0.055556
5 0.559375 0.223611 0.076042 0.050000
5 0.673958 0.220139 0.069792 0.051389
5 0.786458 0.213889 0.070833 0.058333
5 0.896875 0.218750 0.068750 0.056944
0 0.105208 0.415972 0.062500 0.156944
0 0.214583 0.417361 0.058333 0.156944
0 0.332292 0.415278 0.058333 0.158333
0 0.447917 0.417361 0.059375 0.154167
0 0.553125 0.419444 0.064583 0.155556
0 0.668750 0.415972 0.058333 0.154167
0 0.787500 0.421528 0.060417 0.154167
0 0.894792 0.420139 0.058333 0.154167
3 0.094792 0.661111 0.073958 0.175000
3 0.210417 0.661111 0.069792 0.175000
3 0.438542 0.652083 0.070833 0.181944
3 0.560417 0.656250 0.076042 0.181944
3 0.665625 0.661111 0.075000 0.175000
3 0.905208 0.655556 0.076042 0.180556
0 0.097917 0.890278 0.062500 0.152778
0 0.216667 0.890278 0.059375 0.158333
0 0.328125 0.892361 0.062500 0.154167
0 0.557292 0.887500 0.063542 0.155556
0 0.671875 0.886111 0.062500 0.158333
0 0.780208 0.888889 0.064583 0.155556
0 0.897917 0.888194 0.059375 0.154167
