5 0.094792 0.217361 0.076042 0.059722
5 0.213542 0.219444 0.077083 0.050000
5 0.333333 0.215278 0.069792 0.058333
4 0.437500 0.190278 0.083333 0.113889
5 0.554167 0.218750 0.073958 0.051389
4 0.665625 0.191667 0.081250 0.111111
5 0.785417 0.215278 0.075000 0.058333
5 0.902083 0.217361 0.077083 0.056944
4 0.105208 0.445833 0.079167 0.105556
4 0.328125 0.443056 0.080208 0.111111
0 0.448958 0.419444 0.061458 0.152778
4 0.552083 0.445833 0.081250 0.105556
3 0.675000 0.410417 0.073958 0.176389
4 0.792708 0.438194 0.080208 0.115278
5 0.103125 0.715972 0.076042 0.059722
5 0.332292 0.715278 0.070833 0.061111
5 0.448958 0.714583 0.077083 0.059722
5 0.552083 0.713194 0.077083 0.059722
5 0.669792 0.720139 0.072917 0.051389
5 0.785417 0.716667 0.076042 0.055556
5 0.894792 0.719444 0.077083 0.050000
2 0.094792 0.920833 0.106250 0.097222
4 0.209375 0.909722 0.079167 0.116667
2 0.438542 0.920833 0.107292 0.091667
2 0.553125 0.920833 0.106250 0.091667
2 0.669792 0.917361 0.101042 0.095833
2 0.781250 0.920833 0.105208 0.097222
