2 0.100000 0.200000 0.102083 0.097222
2 0.212500 0.192361 0.104167 0.101389
2 0.332292 0.199306 0.106250 0.095833
2 0.437500 0.202083 0.108333 0.093056
2 0.558333 0.195139 0.100000 0.101389
2 0.665625 0.200694 0.107292 0.093056
2 0.787500 0.198611 0.103125 0.091667
2 0.900000 0.202083 0.108333 0.093056
0 0.093750 0.419444 0.066667 0.155556
0 0.212500 0.415972 0.065625 0.154167
0 0.442708 0.422222 0.062500 0.152778
0 0.560417 0.424306 0.063542 0.148611
0 0.666667 0.419444 0.062500 0.152778
0 0.787500 0.418750 0.060417 0.156944
0 0.907292 0.422917 0.064583 0.148611
1 0.214583 0.656944 0.096875 0.172222
1 0.321875 0.665972 0.091667 0.165278
1 0.557292 0.663889 0.089583 0.161111
1 0.670833 0.662500 0.095833 0.161111
1 0.906250 0.660417 0.094792 0.168056
1 0.103125 0.879861 0.089583 0.170833
1 0.217708 0.880556 0.090625 0.169444
1 0.321875 0.888194 0.096875 0.165278
1 0.446875 0.889583 0.089583 0.162500
1 0.558333 0.881944 0.095833 0.166667
1 0.666667 0.884028 0.091667 0.165278
1 0.785417 0.880556 0.094792 0.169444
1 0.902083 0.887500 0.089583 0.161111
