1 0.094792 0.163889 0.093750 0.163889
1 0.219792 0.158333 0.097917 0.169444
1 0.334375 0.161806 0.091667 0.170833
1 0.436458 0.161111 0.090625 0.169444
1 0.558333 0.159028 0.094792 0.168056
1 0.669792 0.165278 0.094792 0.161111
1 0.792708 0.161111 0.091667 0.166667
2 0.900000 0.196528 0.100000 0.093056
5 0.101042 0.466667 0.070833 0.058333
5 0.438542 0.465278 0.069792 0.055556
4 0.668750 0.441667 0.080208 0.111111
5 0.786458 0.463889 0.076042 0.058333
3 0.098958 0.650694 0.068750 0.184722
3 0.207292 0.659722 0.077083 0.175000
3 0.329167 0.656250 0.073958 0.181944
3 0.442708 0.655556 0.068750 0.183333
3 0.560417 0.652778 0.071875 0.180556
3 0.670833 0.656250 0.070833 0.176389
3 0.787500 0.654167 0.071875 0.183333
5 0.104167 0.941667 0.072917 0.055556
5 0.334375 0.937500 0.073958 0.058333
5 0.436458 0.936111 0.077083 0.061111
5 0.562500 0.944444 0.070833 0.050000
5 0.675000 0.936806 0.073958 0.056944
5 0.791667 0.940278 0.069792 0.058333
5 0.906250 0.937500 0.077083 0.058333
