1 0.105208 0.168056 0.091667 0.161111
0 0.219792 0.166667 0.061458 0.158333
0 0.325000 0.168056 0.066667 0.150000
0 0.443750 0.165278 0.066667 0.158333
0 0.667708 0.168056 0.058333 0.152778
4 0.791667 0.194444 0.079167 0.105556
0 0.904167 0.173611 0.065625 0.147222
2 0.101042 0.447917 0.101042 0.095833
2 0.330208 0.447222 0.104167 0.097222
2 0.440625 0.447917 0.103125 0.095833
2 0.552083 0.443750 0.105208 0.098611
2 0.673958 0.451389 0.101042 0.091667
2 0.790625 0.448611 0.106250 0.097222
2 0.902083 0.448611 0.105208 0.097222
4 0.101042 0.687500 0.086458 0.113889
4 0.217708 0.690278 0.080208 0.105556
4 0.334375 0.690278 0.086458 0.111111
4 0.442708 0.692361 0.084375 0.106944
4 0.669792 0.691667 0.080208 0.113889
4 0.781250 0.694444 0.080208 0.105556
4 0.902083 0.686111 0.083333 0.113889
5 0.095833 0.940972 0.072917 0.059722
5 0.209375 0.940972 0.077083 0.054167
5 0.325000 0.939583 0.069792 0.054167
5 0.440625 0.943056 0.071875 0.052778
5 0.559375 0.936111 0.076042 0.061111
5 0.675000 0.942361 0.072917 0.054167
5 0.791667 0.943750 0.076042 0.051389
5 0.903125 0.941667 0.071875 0.052778
