3 0.103125 0.156250 0.073958 0.179167
3 0.218750 0.153472 0.076042 0.184722
5 0.334375 0.221528 0.068750 0.054167
3 0.447917 0.152083 0.070833 0.184722
3 0.552083 0.154861 0.076042 0.176389
3 0.671875 0.156250 0.076042 0.176389
3 0.784375 0.158333 0.069792 0.180556
3 0.904167 0.151389 0.069792 0.183333
0 0.093750 0.422222 0.066667 0.147222
3 0.208333 0.409722 0.077083 0.175000
1 0.327083 0.412500 0.096875 0.161111
0 0.440625 0.420833 0.065625 0.150000
0 0.560417 0.420833 0.065625 0.150000
1 0.678125 0.411111 0.089583 0.169444
0 0.781250 0.421528 0.066667 0.154167
0 0.903125 0.418056 0.065625 0.150000
3 0.092708 0.652778 0.072917 0.183333
3 0.209375 0.656250 0.070833 0.184722
3 0.329167 0.655556 0.073958 0.175000
5 0.448958 0.718750 0.076042 0.056944
3 0.560417 0.654167 0.069792 0.177778
3 0.675000 0.653472 0.072917 0.179167
1 0.785417 0.662500 0.091667 0.163889
1 0.097917 0.881250 0.094792 0.168056
1 0.213542 0.888194 0.089583 0.165278
1 0.325000 0.884028 0.092708 0.165278
1 0.448958 0.890278 0.091667 0.161111
1 0.553125 0.886806 0.092708 0.162500
2 0.675000 0.921528 0.106250 0.098611
1 0.902083 0.882639 0.090625 0.170833
