0 0.097917 0.169444 0.058333 0.152778
0 0.209375 0.168750 0.063542 0.148611
0 0.328125 0.170139 0.064583 0.151389
0 0.436458 0.165972 0.062500 0.156944
0 0.563542 0.170833 0.058333 0.155556
0 0.781250 0.165278 0.063542 0.158333
0 0.906250 0.170833 0.064583 0.150000
0 0.095833 0.420833 0.065625 0.150000
0 0.209375 0.423611 0.063542 0.150000
0 0.327083 0.422222 0.066667 0.152778
0 0.553125 0.420139 0.066667 0.156944
0 0.668750 0.415972 0.064583 0.156944
0 0.894792 0.417361 0.060417 0.151389
4 0.105208 0.689583 0.084375 0.115278
4 0.208333 0.691667 0.085417 0.108333
4 0.326042 0.689583 0.082292 0.115278
4 0.446875 0.686111 0.087500 0.113889
4 0.559375 0.689583 0.086458 0.112500
5 0.670833 0.719444 0.077083 0.058333
4 0.787500 0.690972 0.085417 0.106944
2 0.094792 0.919444 0.108333 0.102778
1 0.211458 0.882639 0.093750 0.170833
1 0.448958 0.888889 0.093750 0.161111
1 0.552083 0.886806 0.095833 0.162500
1 0.672917 0.888889 0.089583 0.163889
1 0.790625 0.880556 0.089583 0.172222
