1 0.104167 0.163194 0.094792 0.170833
2 0.214583 0.195833 0.107292 0.100000
1 0.444792 0.159028 0.095833 0.170833
1 0.562500 0.161111 0.097917 0.166667
1 0.785417 0.161806 0.090625 0.170833
1 0.895833 0.159722 0.092708 0.172222
1 0.104167 0.409722 0.092708 0.166667
1 0.209375 0.410417 0.091667 0.168056
1 0.444792 0.413889 0.091667 0.161111
1 0.558333 0.413194 0.097917 0.162500
1 0.901042 0.410417 0.089583 0.165278
4 0.218750 0.692361 0.086458 0.112500
4 0.322917 0.684722 0.081250 0.116667
4 0.438542 0.688194 0.084375 0.112500
4 0.557292 0.694444 0.085417 0.108333
4 0.669792 0.693056 0.079167 0.111111
4 0.894792 0.693056 0.079167 0.105556
5 0.100000 0.941667 0.075000 0.050000
5 0.211458 0.940972 0.075000 0.051389
5 0.445833 0.936111 0.077083 0.061111
5 0.556250 0.940972 0.069792 0.051389
5 0.678125 0.942361 0.072917 0.051389
5 0.785417 0.940278 0.073958 0.052778
5 0.904167 0.939583 0.076042 0.056944
