4 0.103125 0.188889 0.082292 0.108333
4 0.214583 0.190972 0.087500 0.106944
4 0.329167 0.186806 0.085417 0.112500
4 0.446875 0.190278 0.079167 0.108333
4 0.561458 0.190972 0.082292 0.109722
4 0.675000 0.189583 0.084375 0.106944
4 0.791667 0.195833 0.079167 0.105556
4 0.906250 0.190972 0.085417 0.112500
4 0.101042 0.442361 0.081250 0.109722
4 0.207292 0.438889 0.081250 0.108333
4 0.323958 0.443750 0.081250 0.106944
4 0.441667 0.437500 0.086458 0.113889
4 0.555208 0.438889 0.082292 0.116667
4 0.896875 0.445139 0.086458 0.106944
0 0.103125 0.664583 0.061458 0.156944
0 0.214583 0.670139 0.058333 0.156944
0 0.323958 0.666667 0.062500 0.152778
0 0.563542 0.672222 0.058333 0.152778
0 0.782292 0.672222 0.062500 0.152778
0 0.097917 0.888194 0.060417 0.156944
0 0.208333 0.889583 0.058333 0.154167
0 0.325000 0.895833 0.065625 0.150000
0 0.442708 0.890972 0.060417 0.156944
0 0.555208 0.888194 0.064583 0.156944
0 0.673958 0.888194 0.064583 0.154167
0 0.784375 0.890972 0.062500 0.154167
0 0.903125 0.892361 0.061458 0.151389
