0 0.102083 0.174306 0.065625 0.148611
0 0.219792 0.170833 0.062500 0.152778
0 0.327083 0.166667 0.060417 0.155556
0 0.671875 0.171528 0.060417 0.154167
0 0.784375 0.168750 0.059375 0.154167
4 0.895833 0.191667 0.084375 0.105556
4 0.095833 0.438889 0.080208 0.113889
4 0.208333 0.443056 0.084375 0.111111
4 0.437500 0.442361 0.085417 0.109722
2 0.552083 0.446528 0.101042 0.093056
4 0.675000 0.440972 0.085417 0.115278
4 0.789583 0.439583 0.079167 0.115278
1 0.901042 0.413194 0.090625 0.162500
0 0.102083 0.668750 0.059375 0.151389
0 0.211458 0.672222 0.066667 0.152778
0 0.327083 0.665278 0.062500 0.158333
0 0.448958 0.672917 0.063542 0.148611
0 0.551042 0.669444 0.062500 0.147222
5 0.667708 0.717361 0.072917 0.059722
3 0.781250 0.654167 0.076042 0.183333
0 0.898958 0.670833 0.061458 0.155556
3 0.102083 0.880556 0.073958 0.177778
3 0.208333 0.880556 0.076042 0.175000
3 0.561458 0.876389 0.076042 0.180556
3 0.668750 0.877778 0.072917 0.183333
3 0.790625 0.879167 0.076042 0.183333
3 0.901042 0.881944 0.075000 0.175000
