1 0.104167 0.165278 0.093750 0.161111
1 0.217708 0.162500 0.094792 0.169444
1 0.332292 0.161806 0.092708 0.168056
1 0.446875 0.162500 0.093750 0.169444
1 0.559375 0.161111 0.092708 0.166667
1 0.676042 0.159722 0.097917 0.169444
1 0.785417 0.158333 0.093750 0.172222
1 0.904167 0.159722 0.089583 0.172222
4 0.095833 0.441667 0.083333 0.111111
4 0.219792 0.436806 0.083333 0.112500
4 0.321875 0.444444 0.081250 0.105556
4 0.447917 0.444444 0.082292 0.105556
4 0.561458 0.440278 0.084375 0.111111
1 0.670833 0.406944 0.094792 0.172222
4 0.780208 0.438194 0.083333 0.112500
4 0.902083 0.444444 0.080208 0.108333
3 0.093750 0.653472 0.073958 0.179167
3 0.213542 0.656944 0.072917 0.177778
3 0.437500 0.652083 0.070833 0.181944
3 0.555208 0.654861 0.073958 0.181944
3 0.670833 0.653472 0.069792 0.179167
3 0.791667 0.650694 0.071875 0.184722
3 0.897917 0.652083 0.075000 0.184722
0 0.100000 0.890972 0.059375 0.154167
0 0.215625 0.894444 0.064583 0.147222
0 0.321875 0.895833 0.064583 0.150000
0 0.436458 0.890972 0.064583 0.151389
0 0.551042 0.890972 0.062500 0.154167
0 0.668750 0.886806 0.064583 0.156944
0 0.788542 0.886111 0.066667 0.158333
2 0.896875 0.922222 0.102083 0.091667
