3 0.102083 0.161111 0.075000 0.175000
3 0.208333 0.153472 0.073958 0.181944
3 0.330208 0.154167 0.075000 0.186111
3 0.557292 0.156250 0.076042 0.181944
3 0.669792 0.152778 0.068750 0.183333
3 0.780208 0.152778 0.069792 0.183333
3 0.896875 0.154167 0.072917 0.180556
1 0.093750 0.412500 0.096875 0.166667
2 0.214583 0.445833 0.102083 0.094444
0 0.328125 0.415278 0.062500 0.158333
2 0.439583 0.449306 0.104167 0.098611
2 0.563542 0.443056 0.106250 0.100000
2 0.673958 0.447222 0.103125 0.100000
2 0.905208 0.448611 0.108333 0.097222
0 0.209375 0.669444 0.059375 0.150000
0 0.334375 0.669444 0.062500 0.152778
0 0.446875 0.668056 0.065625 0.155556
0 0.561458 0.667361 0.065625 0.156944
2 0.668750 0.697222 0.108333 0.097222
0 0.786458 0.668056 0.064583 0.150000
0 0.903125 0.671528 0.063542 0.154167
5 0.096875 0.942361 0.068750 0.054167
5 0.210417 0.942361 0.077083 0.056944
4 0.333333 0.911111 0.082292 0.108333
5 0.553125 0.938889 0.076042 0.058333
5 0.678125 0.944444 0.068750 0.052778
5 0.790625 0.944444 0.073958 0.052778
5 0.905208 0.940278 0.077083 0.061111
