0 0.093750 0.170833 0.062500 0.147222
0 0.215625 0.167361 0.061458 0.156944
0 0.327083 0.168750 0.061458 0.154167
0 0.445833 0.170139 0.058333 0.148611
0 0.554167 0.167361 0.059375 0.154167
0 0.666667 0.168750 0.066667 0.154167
0 0.785417 0.165972 0.066667 0.154167
0 0.901042 0.165278 0.061458 0.155556
5 0.096875 0.465278 0.077083 0.061111
5 0.334375 0.468056 0.073958 0.061111
5 0.553125 0.470139 0.068750 0.056944
1 0.672917 0.418056 0.090625 0.161111
5 0.780208 0.468056 0.076042 0.061111
5 0.896875 0.468750 0.071875 0.059722
1 0.098958 0.656944 0.092708 0.172222
4 0.218750 0.688889 0.083333 0.108333
4 0.334375 0.693056 0.080208 0.105556
4 0.438542 0.689583 0.084375 0.106944
4 0.554167 0.690972 0.082292 0.109722
4 0.665625 0.690278 0.083333 0.105556
5 0.783333 0.718750 0.072917 0.059722
4 0.896875 0.691667 0.086458 0.113889
0 0.092708 0.894444 0.062500 0.152778
0 0.209375 0.895833 0.058333 0.147222
0 0.332292 0.890972 0.066667 0.156944
0 0.448958 0.894444 0.060417 0.152778
0 0.561458 0.891667 0.061458 0.155556
0 0.672917 0.893056 0.065625 0.150000
0 0.792708 0.892361 0.060417 0.148611
0 0.902083 0.893056 0.065625 0.150000
