3 0.104167 0.156944 0.068750 0.183333
3 0.214583 0.156250 0.071875 0.176389
3 0.328125 0.156944 0.068750 0.175000
3 0.442708 0.155556 0.073958 0.177778
3 0.561458 0.156944 0.072917 0.183333
3 0.668750 0.156944 0.075000 0.180556
3 0.905208 0.154861 0.071875 0.176389
0 0.096875 0.420833 0.062500 0.155556
0 0.208333 0.422917 0.064583 0.151389
3 0.325000 0.404861 0.069792 0.176389
0 0.445833 0.418056 0.061458 0.155556
4 0.562500 0.440972 0.082292 0.109722
0 0.670833 0.422222 0.062500 0.150000
0 0.783333 0.420139 0.066667 0.148611
3 0.209375 0.659722 0.077083 0.177778
3 0.331250 0.656944 0.077083 0.175000
3 0.678125 0.656944 0.068750 0.183333
5 0.784375 0.719444 0.076042 0.058333
3 0.902083 0.652083 0.073958 0.184722
1 0.209375 0.884722 0.095833 0.166667
1 0.442708 0.884028 0.097917 0.165278
1 0.557292 0.884028 0.096875 0.170833
1 0.668750 0.884028 0.097917 0.165278
1 0.788542 0.884028 0.094792 0.170833
1 0.898958 0.885417 0.097917 0.170833
