5 0.207292 0.219444 0.072917 0.055556
5 0.331250 0.218750 0.069792 0.054167
5 0.445833 0.214583 0.072917 0.056944
5 0.553125 0.221528 0.069792 0.051389
5 0.669792 0.219444 0.073958 0.055556
5 0.787500 0.218056 0.076042 0.050000
2 0.098958 0.447222 0.106250 0.094444
2 0.213542 0.448611 0.103125 0.094444
2 0.326042 0.451389 0.108333 0.091667
2 0.445833 0.447917 0.103125 0.101389
2 0.554167 0.447222 0.103125 0.100000
2 0.676042 0.443056 0.101042 0.102778
2 0.782292 0.445833 0.102083 0.102778
2 0.904167 0.449306 0.101042 0.098611
2 0.097917 0.699306 0.107292 0.093056
2 0.334375 0.697917 0.103125 0.093056
2 0.443750 0.700694 0.106250 0.093056
3 0.103125 0.876389 0.073958 0.186111
3 0.439583 0.873611 0.068750 0.183333
3 0.553125 0.881250 0.075000 0.179167
3 0.676042 0.879167 0.076042 0.180556
3 0.783333 0.874306 0.076042 0.181944
3 0.902083 0.873611 0.071875 0.186111
