1 0.104167 0.163889 0.090625 0.161111
1 0.212500 0.163889 0.089583 0.163889
1 0.331250 0.162500 0.093750 0.169444
1 0.437500 0.165278 0.093750 0.166667
0 0.561458 0.165972 0.061458 0.156944
1 0.677083 0.160417 0.091667 0.170833
1 0.780208 0.159722 0.097917 0.166667
1 0.901042 0.161111 0.097917 0.166667
5 0.103125 0.472222 0.077083 0.050000
5 0.219792 0.466667 0.076042 0.058333
1 0.327083 0.411111 0.093750 0.163889
5 0.440625 0.467361 0.077083 0.059722
5 0.560417 0.467361 0.068750 0.051389
5 0.666667 0.470139 0.073958 0.054167
5 0.789583 0.464583 0.076042 0.056944
5 0.894792 0.465972 0.075000 0.059722
3 0.097917 0.659722 0.072917 0.175000
3 0.212500 0.657639 0.068750 0.176389
3 0.443750 0.654861 0.077083 0.181944
3 0.562500 0.658333 0.072917 0.180556
3 0.678125 0.655556 0.076042 0.183333
3 0.780208 0.657639 0.068750 0.181944
3 0.903125 0.655556 0.076042 0.177778
2 0.104167 0.925000 0.107292 0.091667
3 0.207292 0.873611 0.075000 0.186111
2 0.333333 0.920139 0.104167 0.095833
2 0.441667 0.916667 0.101042 0.100000
2 0.552083 0.918750 0.104167 0.101389
2 0.665625 0.920139 0.106250 0.098611
4 0.786458 0.914583 0.080208 0.112500
2 0.902083 0.919444 0.103125 0.091667
