4 0.104167 0.194444 0.082292 0.105556
4 0.437500 0.188194 0.083333 0.109722
4 0.558333 0.190278 0.087500 0.116667
4 0.676042 0.186806 0.086458 0.112500
4 0.786458 0.186806 0.080208 0.112500
4 0.894792 0.186806 0.086458 0.115278
4 0.093750 0.439583 0.084375 0.106944
4 0.211458 0.438194 0.084375 0.109722
4 0.332292 0.443056 0.084375 0.105556
4 0.439583 0.439583 0.079167 0.115278
4 0.791667 0.438194 0.083333 0.112500
4 0.905208 0.441667 0.079167 0.113889
0 0.102083 0.668750 0.061458 0.148611
1 0.209375 0.667361 0.097917 0.162500
1 0.330208 0.661111 0.091667 0.172222
1 0.448958 0.663889 0.093750 0.163889
1 0.557292 0.661111 0.091667 0.169444
1 0.669792 0.663889 0.095833 0.169444
1 0.791667 0.665278 0.091667 0.163889
3 0.103125 0.879861 0.077083 0.179167
3 0.321875 0.880556 0.070833 0.180556
3 0.447917 0.875694 0.071875 0.179167
3 0.557292 0.873611 0.071875 0.183333
3 0.790625 0.878472 0.073958 0.176389
3 0.907292 0.873611 0.075000 0.183333
