0 0.103125 0.174306 0.060417 0.148611
0 0.325000 0.169444 0.058333 0.158333
0 0.447917 0.172222 0.058333 0.150000
0 0.557292 0.168750 0.059375 0.148611
0 0.671875 0.168750 0.066667 0.148611
0 0.792708 0.170139 0.058333 0.151389
0 0.900000 0.170833 0.063542 0.150000
4 0.100000 0.443056 0.082292 0.108333
4 0.207292 0.440972 0.079167 0.109722
4 0.332292 0.442361 0.084375 0.109722
4 0.440625 0.440278 0.087500 0.116667
4 0.552083 0.435417 0.087500 0.115278
4 0.671875 0.441667 0.080208 0.113889
4 0.790625 0.445139 0.079167 0.106944
4 0.903125 0.438889 0.079167 0.111111
5 0.101042 0.722222 0.073958 0.052778
5 0.321875 0.717361 0.072917 0.054167
5 0.438542 0.720833 0.077083 0.052778
5 0.563542 0.713889 0.071875 0.061111
5 0.668750 0.715972 0.069792 0.054167
5 0.783333 0.718056 0.069792 0.050000
5 0.903125 0.717361 0.076042 0.054167
1 0.093750 0.888194 0.092708 0.162500
1 0.213542 0.887500 0.090625 0.161111
1 0.326042 0.887500 0.095833 0.163889
1 0.446875 0.890278 0.090625 0.161111
1 0.551042 0.881944 0.092708 0.169444
1 0.671875 0.887500 0.096875 0.166667
1 0.791667 0.887500 0.097917 0.161111
1 0.903125 0.884722 0.091667 0.161111
