3 0.097917 0.156944 0.075000 0.183333
4 0.209375 0.190278 0.085417 0.108333
4 0.331250 0.190278 0.084375 0.111111
4 0.444792 0.193056 0.084375 0.111111
4 0.560417 0.185417 0.084375 0.115278
4 0.675000 0.187500 0.081250 0.113889
4 0.782292 0.190278 0.085417 0.113889
0 0.898958 0.163889 0.058333 0.158333
4 0.101042 0.440278 0.081250 0.111111
4 0.217708 0.438889 0.086458 0.116667
4 0.333333 0.439583 0.085417 0.115278
4 0.445833 0.439583 0.082292 0.115278
4 0.562500 0.445139 0.086458 0.106944
4 0.667708 0.440972 0.079167 0.106944
4 0.894792 0.440972 0.083333 0.115278
3 0.098958 0.656250 0.073958 0.179167
3 0.217708 0.653472 0.076042 0.184722
3 0.330208 0.651389 0.071875 0.183333
3 0.436458 0.658333 0.071875 0.177778
3 0.556250 0.653472 0.069792 0.184722
1 0.667708 0.661806 0.094792 0.168056
3 0.901042 0.650694 0.071875 0.184722
3 0.217708 0.879861 0.070833 0.176389
3 0.327083 0.877778 0.070833 0.186111
3 0.444792 0.880556 0.068750 0.180556
3 0.558333 0.879861 0.077083 0.176389
3 0.673958 0.882639 0.076042 0.176389
3 0.783333 0.877083 0.073958 0.176389
3 0.902083 0.880556 0.071875 0.175000
