5 0.101042 0.220833 0.068750 0.055556
5 0.219792 0.218750 0.076042 0.056944
5 0.444792 0.215278 0.070833 0.061111
5 0.551042 0.223611 0.070833 0.050000
5 0.670833 0.220833 0.069792 0.050000
5 0.902083 0.220833 0.072917 0.050000
4 0.101042 0.437500 0.081250 0.113889
4 0.208333 0.436806 0.084375 0.115278
4 0.437500 0.438194 0.082292 0.115278
4 0.561458 0.439583 0.083333 0.115278
4 0.677083 0.439583 0.081250 0.115278
4 0.900000 0.434722 0.081250 0.116667
1 0.096875 0.661806 0.090625 0.168056
2 0.439583 0.695833 0.104167 0.097222
0 0.560417 0.667361 0.064583 0.156944
2 0.673958 0.700000 0.102083 0.094444
2 0.783333 0.697222 0.106250 0.100000
2 0.896875 0.696528 0.104167 0.093056
5 0.216667 0.945833 0.077083 0.050000
5 0.321875 0.941667 0.077083 0.052778
5 0.551042 0.938194 0.068750 0.059722
5 0.781250 0.945139 0.069792 0.051389
5 0.901042 0.938889 0.070833 0.055556
