2 0.096875 0.195139 0.102083 0.101389
1 0.212500 0.165278 0.094792 0.163889
1 0.334375 0.159028 0.095833 0.170833
1 0.558333 0.162500 0.094792 0.166667
1 0.677083 0.165972 0.094792 0.162500
4 0.092708 0.442361 0.080208 0.112500
4 0.208333 0.445833 0.082292 0.105556
4 0.332292 0.443056 0.087500 0.105556
4 0.441667 0.439583 0.083333 0.112500
4 0.555208 0.436806 0.085417 0.115278
4 0.669792 0.442361 0.081250 0.109722
4 0.780208 0.443750 0.085417 0.106944
4 0.896875 0.442361 0.081250 0.109722
0 0.101042 0.668750 0.062500 0.156944
0 0.217708 0.671528 0.065625 0.148611
0 0.334375 0.671528 0.058333 0.148611
0 0.447917 0.664583 0.062500 0.156944
0 0.672917 0.667361 0.060417 0.154167
0 0.784375 0.672222 0.063542 0.147222
0 0.903125 0.670833 0.059375 0.150000
5 0.094792 0.936806 0.077083 0.056944
5 0.208333 0.940278 0.073958 0.052778
5 0.330208 0.940278 0.077083 0.061111
5 0.443750 0.943056 0.070833 0.050000
5 0.553125 0.939583 0.077083 0.056944
5 0.783333 0.940278 0.072917 0.052778
