3 0.096875 0.156944 0.076042 0.180556
3 0.207292 0.153472 0.068750 0.181944
3 0.331250 0.154861 0.070833 0.176389
3 0.675000 0.152083 0.072917 0.184722
3 0.781250 0.154167 0.076042 0.186111
3 0.894792 0.153472 0.068750 0.179167
1 0.104167 0.412500 0.090625 0.169444
1 0.215625 0.411806 0.089583 0.162500
1 0.330208 0.410417 0.091667 0.170833
1 0.446875 0.410417 0.089583 0.168056
1 0.561458 0.411806 0.097917 0.170833
1 0.676042 0.413194 0.096875 0.170833
1 0.791667 0.414583 0.091667 0.168056
1 0.901042 0.409722 0.092708 0.166667
0 0.092708 0.669444 0.058333 0.150000
0 0.214583 0.669444 0.066667 0.152778
0 0.330208 0.668056 0.066667 0.155556
0 0.442708 0.672222 0.060417 0.152778
0 0.554167 0.668750 0.063542 0.148611
0 0.666667 0.666667 0.060417 0.158333
0 0.791667 0.671528 0.060417 0.148611
0 0.895833 0.667361 0.062500 0.154167
4 0.102083 0.912500 0.079167 0.116667
4 0.214583 0.908333 0.084375 0.116667
4 0.329167 0.911111 0.079167 0.113889
4 0.562500 0.915972 0.080208 0.109722
4 0.678125 0.913889 0.086458 0.108333
4 0.791667 0.912500 0.082292 0.113889
4 0.902083 0.910417 0.085417 0.109722
