5 0.104167 0.218056 0.075000 0.050000
5 0.214583 0.222917 0.075000 0.051389
1 0.334375 0.162500 0.092708 0.161111
5 0.670833 0.218056 0.071875 0.058333
5 0.789583 0.219444 0.075000 0.050000
0 0.208333 0.422222 0.066667 0.152778
0 0.334375 0.422222 0.058333 0.150000
0 0.437500 0.419444 0.066667 0.150000
2 0.553125 0.450000 0.100000 0.097222
0 0.672917 0.421528 0.063542 0.151389
5 0.792708 0.463889 0.070833 0.058333
0 0.904167 0.415278 0.064583 0.155556
5 0.094792 0.718750 0.071875 0.051389
5 0.329167 0.721528 0.075000 0.051389
5 0.447917 0.715278 0.072917 0.055556
4 0.556250 0.690972 0.086458 0.109722
5 0.668750 0.719444 0.075000 0.050000
5 0.903125 0.720833 0.068750 0.050000
2 0.102083 0.918056 0.107292 0.097222
2 0.215625 0.922222 0.106250 0.097222
2 0.332292 0.920833 0.105208 0.100000
2 0.445833 0.922222 0.108333 0.097222
2 0.678125 0.918056 0.103125 0.097222
2 0.788542 0.923611 0.106250 0.091667
2 0.896875 0.915972 0.100000 0.101389
