2 0.213542 0.198611 0.107292 0.100000
0 0.334375 0.169444 0.059375 0.158333
2 0.442708 0.193056 0.107292 0.102778
2 0.563542 0.199306 0.106250 0.095833
2 0.673958 0.197222 0.108333 0.100000
2 0.907292 0.197917 0.107292 0.098611
4 0.094792 0.436111 0.087500 0.113889
4 0.208333 0.437500 0.084375 0.116667
4 0.323958 0.439583 0.085417 0.112500
4 0.445833 0.440972 0.081250 0.109722
4 0.554167 0.438194 0.087500 0.115278
4 0.672917 0.439583 0.087500 0.112500
4 0.780208 0.444444 0.084375 0.108333
1 0.093750 0.663194 0.091667 0.168056
1 0.216667 0.661806 0.091667 0.170833
1 0.323958 0.667361 0.089583 0.162500
1 0.446875 0.659028 0.089583 0.170833
1 0.560417 0.656944 0.089583 0.172222
1 0.666667 0.664583 0.097917 0.168056
1 0.786458 0.665278 0.093750 0.161111
1 0.896875 0.661806 0.089583 0.165278
0 0.093750 0.894444 0.058333 0.147222
0 0.209375 0.889583 0.066667 0.151389
0 0.323958 0.889583 0.063542 0.154167
0 0.447917 0.890972 0.061458 0.156944
0 0.562500 0.886806 0.061458 0.156944
0 0.788542 0.887500 0.065625 0.158333
0 0.901042 0.892361 0.062500 0.156944
