2 0.097917 0.194444 0.103125 0.097222
2 0.329167 0.199306 0.101042 0.095833
2 0.448958 0.193056 0.100000 0.100000
3 0.556250 0.155556 0.072917 0.175000
2 0.676042 0.199306 0.100000 0.093056
2 0.785417 0.196528 0.108333 0.095833
2 0.900000 0.199306 0.106250 0.093056
2 0.101042 0.444444 0.101042 0.097222
5 0.215625 0.465972 0.075000 0.056944
5 0.330208 0.465278 0.075000 0.061111
5 0.448958 0.468750 0.072917 0.056944
5 0.672917 0.470139 0.069792 0.056944
5 0.907292 0.470833 0.072917 0.055556
3 0.101042 0.653472 0.073958 0.184722
3 0.208333 0.653472 0.076042 0.184722
3 0.328125 0.650000 0.070833 0.186111
3 0.444792 0.655556 0.069792 0.175000
3 0.551042 0.650000 0.076042 0.186111
3 0.677083 0.655556 0.072917 0.180556
3 0.786458 0.656250 0.070833 0.181944
3 0.894792 0.660417 0.069792 0.176389
3 0.098958 0.879861 0.070833 0.176389
3 0.207292 0.883333 0.068750 0.175000
3 0.333333 0.875000 0.075000 0.180556
3 0.441667 0.875000 0.070833 0.186111
3 0.555208 0.879861 0.071875 0.181944
3 0.671875 0.872917 0.070833 0.184722
3 0.780208 0.878472 0.069792 0.176389
3 0.900000 0.881250 0.071875 0.179167
