5 0.102083 0.213889 0.072917 0.061111
0 0.442708 0.171528 0.064583 0.154167
5 0.557292 0.221528 0.071875 0.051389
5 0.672917 0.220833 0.071875 0.050000
5 0.780208 0.220833 0.075000 0.055556
0 0.900000 0.165278 0.065625 0.155556
0 0.102083 0.419444 0.065625 0.152778
0 0.218750 0.420139 0.066667 0.154167
0 0.330208 0.414583 0.062500 0.156944
0 0.446875 0.420139 0.058333 0.156944
1 0.676042 0.413194 0.089583 0.170833
0 0.903125 0.413889 0.063542 0.158333
5 0.101042 0.717361 0.073958 0.051389
5 0.219792 0.713889 0.076042 0.058333
5 0.327083 0.718056 0.076042 0.058333
5 0.448958 0.719444 0.077083 0.055556
4 0.561458 0.692361 0.079167 0.106944
5 0.667708 0.716667 0.072917 0.058333
5 0.792708 0.721528 0.076042 0.054167
5 0.898958 0.719444 0.073958 0.052778
0 0.092708 0.890972 0.065625 0.156944
3 0.439583 0.876389 0.076042 0.186111
0 0.552083 0.897222 0.066667 0.147222
0 0.785417 0.890972 0.061458 0.151389
0 0.901042 0.893056 0.065625 0.150000
