4 0.105208 0.193056 0.081250 0.105556
4 0.219792 0.189583 0.083333 0.115278
4 0.330208 0.191667 0.082292 0.108333
4 0.442708 0.187500 0.084375 0.111111
4 0.561458 0.184722 0.086458 0.116667
4 0.668750 0.195139 0.085417 0.106944
4 0.791667 0.195139 0.080208 0.106944
4 0.904167 0.192361 0.079167 0.106944
3 0.105208 0.405556 0.071875 0.186111
3 0.216667 0.400694 0.076042 0.184722
3 0.330208 0.405556 0.068750 0.175000
3 0.445833 0.401389 0.075000 0.183333
3 0.675000 0.402778 0.069792 0.180556
3 0.894792 0.400000 0.068750 0.186111
5 0.100000 0.719444 0.070833 0.052778
5 0.210417 0.712500 0.072917 0.061111
5 0.446875 0.718056 0.069792 0.052778
5 0.561458 0.718750 0.076042 0.056944
5 0.678125 0.716667 0.070833 0.058333
5 0.898958 0.717361 0.076042 0.051389
5 0.105208 0.944444 0.077083 0.050000
5 0.218750 0.940278 0.075000 0.058333
5 0.322917 0.936806 0.069792 0.059722
5 0.439583 0.941667 0.071875 0.050000
5 0.556250 0.941667 0.073958 0.052778
5 0.673958 0.935417 0.068750 0.059722
5 0.786458 0.938194 0.072917 0.059722
4 0.905208 0.909722 0.082292 0.113889
