0 0.105208 0.171528 0.066667 0.148611
1 0.218750 0.159028 0.090625 0.168056
1 0.321875 0.164583 0.090625 0.165278
1 0.444792 0.161806 0.093750 0.168056
1 0.551042 0.168056 0.092708 0.161111
1 0.671875 0.161806 0.094792 0.170833
1 0.790625 0.161806 0.094792 0.165278
1 0.896875 0.158333 0.095833 0.169444
1 0.092708 0.412500 0.096875 0.161111
1 0.219792 0.412500 0.094792 0.161111
1 0.321875 0.409722 0.090625 0.166667
1 0.441667 0.413889 0.093750 0.161111
1 0.671875 0.413194 0.093750 0.170833
1 0.786458 0.415972 0.096875 0.162500
1 0.897917 0.415278 0.090625 0.163889
3 0.098958 0.653472 0.070833 0.181944
3 0.208333 0.658333 0.076042 0.175000
3 0.437500 0.654167 0.077083 0.177778
3 0.559375 0.654861 0.072917 0.176389
3 0.666667 0.654167 0.076042 0.177778
3 0.780208 0.650000 0.072917 0.186111
3 0.900000 0.656250 0.069792 0.184722
3 0.094792 0.872222 0.068750 0.186111
3 0.325000 0.880556 0.069792 0.177778
5 0.444792 0.943056 0.069792 0.052778
3 0.560417 0.877778 0.076042 0.183333
3 0.678125 0.875000 0.069792 0.180556
3 0.782292 0.879861 0.077083 0.179167
3 0.907292 0.881250 0.073958 0.176389
