5 0.096875 0.217361 0.069792 0.051389
5 0.215625 0.217361 0.076042 0.054167
5 0.327083 0.220139 0.077083 0.054167
5 0.438542 0.221528 0.069792 0.054167
5 0.558333 0.215278 0.075000 0.061111
5 0.677083 0.215972 0.076042 0.059722
4 0.903125 0.188889 0.080208 0.113889
1 0.103125 0.412500 0.093750 0.166667
1 0.211458 0.418056 0.093750 0.161111
1 0.321875 0.417361 0.089583 0.162500
1 0.443750 0.409722 0.094792 0.166667
1 0.560417 0.411111 0.095833 0.169444
1 0.675000 0.413194 0.089583 0.165278
1 0.789583 0.413889 0.094792 0.166667
4 0.092708 0.687500 0.086458 0.111111
4 0.214583 0.691667 0.085417 0.105556
4 0.438542 0.687500 0.087500 0.116667
4 0.665625 0.693056 0.081250 0.111111
4 0.780208 0.691667 0.086458 0.111111
4 0.904167 0.687500 0.083333 0.111111
1 0.103125 0.886806 0.096875 0.168056
5 0.207292 0.936806 0.068750 0.056944
5 0.327083 0.938194 0.068750 0.059722
5 0.442708 0.945833 0.075000 0.050000
5 0.553125 0.938194 0.075000 0.054167
5 0.677083 0.943750 0.075000 0.051389
5 0.788542 0.936111 0.069792 0.061111
5 0.900000 0.941667 0.069792 0.052778
