0 0.096875 0.168750 0.066667 0.148611
0 0.207292 0.169444 0.061458 0.155556
0 0.321875 0.167361 0.059375 0.151389
0 0.445833 0.164583 0.060417 0.156944
0 0.557292 0.170139 0.065625 0.148611
0 0.666667 0.166667 0.062500 0.158333
0 0.785417 0.172917 0.060417 0.148611
0 0.898958 0.168750 0.062500 0.156944
2 0.095833 0.450694 0.105208 0.093056
1 0.215625 0.407639 0.096875 0.170833
1 0.328125 0.411111 0.096875 0.172222
1 0.438542 0.407639 0.094792 0.170833
1 0.559375 0.409722 0.089583 0.166667
4 0.666667 0.439583 0.082292 0.109722
1 0.783333 0.413889 0.093750 0.163889
1 0.895833 0.413889 0.089583 0.166667
2 0.095833 0.697222 0.101042 0.091667
2 0.216667 0.699306 0.100000 0.095833
4 0.439583 0.693056 0.079167 0.111111
2 0.551042 0.700000 0.101042 0.094444
5 0.791667 0.716667 0.075000 0.058333
2 0.901042 0.699306 0.107292 0.098611
2 0.093750 0.920139 0.102083 0.095833
2 0.218750 0.921528 0.103125 0.098611
2 0.323958 0.918056 0.102083 0.100000
2 0.446875 0.918750 0.102083 0.101389
2 0.554167 0.923611 0.104167 0.091667
2 0.780208 0.920833 0.105208 0.097222
2 0.902083 0.922222 0.107292 0.094444
