4 0.100000 0.192361 0.082292 0.112500
4 0.215625 0.188889 0.085417 0.113889
4 0.334375 0.189583 0.079167 0.106944
4 0.437500 0.195139 0.084375 0.106944
4 0.555208 0.193750 0.079167 0.106944
4 0.673958 0.187500 0.084375 0.113889
4 0.782292 0.190972 0.087500 0.106944
4 0.894792 0.187500 0.085417 0.113889
4 0.096875 0.438889 0.087500 0.116667
4 0.210417 0.437500 0.082292 0.116667
5 0.325000 0.463194 0.072917 0.059722
4 0.437500 0.438194 0.080208 0.109722
4 0.562500 0.438889 0.080208 0.111111
4 0.667708 0.440278 0.087500 0.111111
4 0.781250 0.445833 0.079167 0.105556
4 0.900000 0.437500 0.082292 0.111111
4 0.095833 0.690278 0.082292 0.105556
4 0.447917 0.687500 0.085417 0.116667
4 0.558333 0.686111 0.079167 0.116667
4 0.673958 0.693750 0.087500 0.106944
4 0.785417 0.693056 0.083333 0.105556
4 0.907292 0.693750 0.080208 0.109722
0 0.208333 0.893056 0.062500 0.152778
3 0.328125 0.879167 0.068750 0.183333
1 0.556250 0.888194 0.097917 0.165278
1 0.666667 0.881250 0.094792 0.170833
1 0.790625 0.888194 0.093750 0.162500
3 0.895833 0.878472 0.069792 0.176389
