4 0.104167 0.189583 0.082292 0.109722
4 0.216667 0.188194 0.082292 0.115278
4 0.334375 0.186806 0.084375 0.112500
4 0.445833 0.188889 0.080208 0.111111
4 0.553125 0.190278 0.080208 0.111111
4 0.675000 0.186806 0.081250 0.112500
4 0.783333 0.189583 0.086458 0.115278
4 0.897917 0.190278 0.082292 0.111111
3 0.100000 0.402083 0.075000 0.181944
3 0.216667 0.409722 0.068750 0.177778
3 0.326042 0.408333 0.072917 0.177778
3 0.442708 0.407639 0.068750 0.176389
3 0.557292 0.402778 0.070833 0.183333
3 0.678125 0.406944 0.071875 0.183333
3 0.790625 0.407639 0.068750 0.176389
5 0.208333 0.718056 0.075000 0.055556
5 0.330208 0.720139 0.068750 0.051389
5 0.448958 0.715972 0.072917 0.059722
5 0.561458 0.718056 0.073958 0.058333
5 0.667708 0.720833 0.068750 0.052778
5 0.780208 0.719444 0.073958 0.050000
5 0.898958 0.718056 0.068750 0.058333
2 0.211458 0.915972 0.105208 0.098611
2 0.443750 0.918056 0.100000 0.100000
2 0.560417 0.915278 0.103125 0.100000
2 0.667708 0.921528 0.102083 0.098611
2 0.783333 0.920139 0.108333 0.093056
2 0.896875 0.920833 0.103125 0.091667
