2 0.216667 0.202778 0.106250 0.091667
4 0.328125 0.193056 0.080208 0.105556
2 0.438542 0.194444 0.102083 0.100000
2 0.553125 0.196528 0.104167 0.095833
2 0.669792 0.195833 0.106250 0.094444
2 0.788542 0.197917 0.104167 0.098611
2 0.906250 0.200000 0.101042 0.091667
5 0.213542 0.466667 0.073958 0.061111
5 0.322917 0.468056 0.076042 0.055556
5 0.445833 0.469444 0.072917 0.055556
5 0.667708 0.468056 0.075000 0.055556
5 0.789583 0.467361 0.073958 0.051389
5 0.905208 0.466667 0.070833 0.058333
3 0.100000 0.660417 0.072917 0.176389
4 0.218750 0.692361 0.085417 0.112500
3 0.331250 0.656250 0.069792 0.176389
3 0.438542 0.659722 0.069792 0.177778
3 0.673958 0.659028 0.076042 0.176389
3 0.788542 0.655556 0.072917 0.175000
3 0.906250 0.654861 0.071875 0.181944
1 0.104167 0.885417 0.090625 0.162500
1 0.212500 0.884028 0.094792 0.165278
1 0.332292 0.883333 0.095833 0.163889
1 0.447917 0.886111 0.089583 0.161111
0 0.551042 0.890278 0.059375 0.150000
1 0.678125 0.884028 0.094792 0.168056
2 0.784375 0.922222 0.101042 0.091667
1 0.903125 0.879167 0.095833 0.172222
