1 0.097917 0.159722 0.096875 0.166667
1 0.322917 0.161111 0.093750 0.172222
1 0.447917 0.163194 0.091667 0.170833
1 0.562500 0.163194 0.092708 0.170833
1 0.667708 0.168056 0.091667 0.161111
1 0.792708 0.168056 0.096875 0.161111
1 0.905208 0.161111 0.091667 0.166667
0 0.208333 0.418056 0.061458 0.150000
0 0.331250 0.420833 0.058333 0.147222
0 0.437500 0.422917 0.066667 0.151389
0 0.552083 0.417361 0.058333 0.156944
0 0.665625 0.421528 0.062500 0.154167
0 0.785417 0.419444 0.064583 0.158333
0 0.905208 0.419444 0.062500 0.155556
1 0.094792 0.662500 0.095833 0.166667
1 0.209375 0.663889 0.096875 0.166667
1 0.328125 0.658333 0.089583 0.169444
1 0.677083 0.659722 0.091667 0.166667
3 0.780208 0.660417 0.070833 0.176389
4 0.896875 0.685417 0.083333 0.115278
1 0.211458 0.883333 0.091667 0.166667
1 0.440625 0.881944 0.097917 0.169444
1 0.563542 0.881250 0.093750 0.170833
1 0.671875 0.884722 0.096875 0.161111
1 0.902083 0.881250 0.093750 0.168056
