0 0.095833 0.170139 0.063542 0.148611
0 0.213542 0.170139 0.064583 0.156944
0 0.334375 0.172917 0.065625 0.148611
0 0.444792 0.163889 0.064583 0.158333
0 0.557292 0.165278 0.063542 0.158333
0 0.671875 0.165278 0.058333 0.158333
0 0.781250 0.168750 0.065625 0.148611
0 0.898958 0.168056 0.059375 0.158333
5 0.093750 0.468056 0.071875 0.052778
5 0.332292 0.468750 0.076042 0.054167
5 0.438542 0.468056 0.075000 0.055556
5 0.560417 0.472222 0.077083 0.052778
5 0.672917 0.468056 0.069792 0.055556
1 0.781250 0.411806 0.092708 0.170833
5 0.901042 0.465278 0.069792 0.055556
2 0.102083 0.697222 0.105208 0.094444
2 0.215625 0.695833 0.107292 0.102778
2 0.322917 0.695833 0.107292 0.097222
2 0.442708 0.695139 0.102083 0.095833
2 0.555208 0.699306 0.101042 0.095833
2 0.792708 0.697222 0.108333 0.097222
2 0.895833 0.699306 0.106250 0.093056
1 0.105208 0.888889 0.092708 0.161111
1 0.208333 0.886806 0.094792 0.165278
1 0.321875 0.884028 0.092708 0.165278
1 0.558333 0.884722 0.093750 0.166667
1 0.673958 0.882639 0.090625 0.165278
1 0.786458 0.880556 0.089583 0.169444
1 0.901042 0.881944 0.097917 0.169444
