2 0.093750 0.199306 0.100000 0.098611
3 0.212500 0.156250 0.076042 0.184722
3 0.331250 0.153472 0.077083 0.179167
3 0.553125 0.156250 0.071875 0.184722
3 0.675000 0.156944 0.076042 0.177778
3 0.787500 0.153472 0.075000 0.179167
3 0.906250 0.153472 0.071875 0.179167
0 0.093750 0.419444 0.066667 0.150000
0 0.212500 0.422222 0.061458 0.152778
0 0.328125 0.417361 0.064583 0.154167
5 0.437500 0.468056 0.072917 0.055556
0 0.563542 0.420139 0.061458 0.156944
0 0.671875 0.416667 0.063542 0.158333
0 0.787500 0.414583 0.063542 0.156944
0 0.902083 0.420833 0.058333 0.155556
4 0.213542 0.692361 0.081250 0.112500
0 0.331250 0.667361 0.064583 0.156944
0 0.436458 0.669444 0.064583 0.155556
2 0.553125 0.697222 0.101042 0.100000
0 0.782292 0.670139 0.060417 0.148611
0 0.906250 0.670833 0.062500 0.152778
1 0.100000 0.881944 0.093750 0.172222
1 0.212500 0.887500 0.094792 0.166667
1 0.330208 0.884028 0.092708 0.168056
1 0.438542 0.882639 0.094792 0.168056
1 0.673958 0.884028 0.089583 0.162500
1 0.784375 0.889583 0.090625 0.162500
4 0.900000 0.912500 0.080208 0.105556
