1 0.100000 0.163194 0.089583 0.165278
1 0.208333 0.163889 0.093750 0.161111
1 0.333333 0.161806 0.094792 0.165278
1 0.440625 0.156944 0.091667 0.172222
1 0.553125 0.168056 0.097917 0.161111
2 0.669792 0.198611 0.101042 0.100000
1 0.787500 0.156944 0.093750 0.172222
4 0.906250 0.195833 0.084375 0.105556
2 0.092708 0.445833 0.105208 0.097222
3 0.210417 0.407639 0.077083 0.176389
2 0.334375 0.444444 0.104167 0.100000
2 0.438542 0.443750 0.107292 0.101389
2 0.555208 0.445833 0.104167 0.102778
2 0.671875 0.444444 0.104167 0.097222
5 0.784375 0.469444 0.077083 0.055556
2 0.901042 0.445833 0.101042 0.094444
5 0.207292 0.721528 0.069792 0.051389
5 0.327083 0.722222 0.071875 0.052778
4 0.440625 0.695139 0.087500 0.106944
5 0.552083 0.715278 0.073958 0.055556
5 0.678125 0.719444 0.068750 0.058333
5 0.791667 0.722222 0.076042 0.052778
5 0.897917 0.722222 0.077083 0.052778
3 0.103125 0.880556 0.073958 0.180556
3 0.212500 0.879861 0.077083 0.181944
3 0.326042 0.881944 0.076042 0.177778
3 0.555208 0.877083 0.077083 0.184722
3 0.666667 0.873611 0.075000 0.186111
3 0.784375 0.873611 0.071875 0.183333
