1 0.098958 0.162500 0.089583 0.169444
1 0.208333 0.165278 0.092708 0.163889
1 0.331250 0.158333 0.092708 0.172222
0 0.446875 0.173611 0.059375 0.147222
1 0.671875 0.166667 0.094792 0.161111
1 0.792708 0.160417 0.092708 0.165278
1 0.906250 0.159722 0.094792 0.166667
5 0.092708 0.468056 0.070833 0.052778
5 0.216667 0.465278 0.068750 0.061111
5 0.328125 0.472222 0.069792 0.052778
5 0.447917 0.464583 0.068750 0.059722
5 0.554167 0.469444 0.071875 0.050000
5 0.673958 0.467361 0.070833 0.054167
5 0.905208 0.467361 0.071875 0.059722
4 0.104167 0.692361 0.087500 0.112500
4 0.211458 0.695139 0.083333 0.106944
2 0.321875 0.696528 0.100000 0.098611
2 0.438542 0.693056 0.101042 0.102778
4 0.672917 0.693056 0.083333 0.111111
4 0.791667 0.687500 0.086458 0.111111
4 0.903125 0.691667 0.087500 0.111111
3 0.098958 0.873611 0.075000 0.183333
3 0.211458 0.872917 0.072917 0.184722
3 0.556250 0.877778 0.077083 0.177778
3 0.671875 0.877083 0.073958 0.176389
3 0.786458 0.879167 0.070833 0.183333
3 0.901042 0.879861 0.075000 0.179167
