4 0.095833 0.193750 0.085417 0.106944
4 0.212500 0.190278 0.080208 0.108333
4 0.325000 0.188194 0.083333 0.109722
4 0.447917 0.188889 0.082292 0.108333
4 0.551042 0.191667 0.084375 0.111111
4 0.676042 0.192361 0.083333 0.106944
4 0.780208 0.190278 0.087500 0.113889
0 0.213542 0.418750 0.058333 0.156944
4 0.439583 0.438889 0.081250 0.111111
0 0.667708 0.422222 0.061458 0.147222
0 0.782292 0.416667 0.064583 0.158333
0 0.901042 0.415278 0.062500 0.155556
4 0.100000 0.691667 0.086458 0.113889
4 0.212500 0.691667 0.080208 0.108333
4 0.553125 0.687500 0.086458 0.113889
4 0.678125 0.691667 0.080208 0.105556
4 0.783333 0.686806 0.082292 0.115278
4 0.905208 0.693750 0.081250 0.109722
0 0.100000 0.887500 0.065625 0.155556
0 0.219792 0.890278 0.066667 0.158333
0 0.322917 0.887500 0.061458 0.158333
0 0.446875 0.893056 0.064583 0.147222
0 0.556250 0.895833 0.058333 0.150000
0 0.672917 0.893750 0.058333 0.148611
0 0.906250 0.892361 0.066667 0.156944
