5 0.097917 0.215278 0.070833 0.055556
5 0.213542 0.218056 0.071875 0.061111
5 0.328125 0.217361 0.070833 0.059722
5 0.447917 0.221528 0.072917 0.051389
5 0.671875 0.218056 0.069792 0.061111
5 0.786458 0.220139 0.077083 0.056944
2 0.098958 0.447222 0.108333 0.094444
2 0.215625 0.445833 0.102083 0.102778
2 0.559375 0.447917 0.102083 0.098611
4 0.787500 0.437500 0.083333 0.116667
2 0.907292 0.447917 0.107292 0.093056
3 0.092708 0.654167 0.071875 0.177778
3 0.215625 0.656944 0.071875 0.183333
3 0.323958 0.656944 0.077083 0.175000
3 0.445833 0.656250 0.072917 0.181944
3 0.551042 0.655556 0.072917 0.183333
3 0.670833 0.654861 0.069792 0.181944
3 0.787500 0.655556 0.068750 0.180556
3 0.898958 0.654167 0.073958 0.186111
1 0.100000 0.888194 0.096875 0.162500
1 0.207292 0.887500 0.093750 0.166667
1 0.330208 0.883333 0.096875 0.163889
0 0.448958 0.893056 0.058333 0.152778
1 0.557292 0.882639 0.096875 0.165278
1 0.667708 0.881250 0.093750 0.168056
1 0.791667 0.889583 0.090625 0.162500
1 0.905208 0.887500 0.094792 0.166667
