1 0.096875 0.159722 0.095833 0.169444
1 0.208333 0.163889 0.093750 0.166667
1 0.323958 0.158333 0.092708 0.169444
1 0.443750 0.168056 0.090625 0.161111
1 0.562500 0.166667 0.096875 0.161111
1 0.670833 0.159028 0.093750 0.168056
1 0.792708 0.163194 0.093750 0.170833
1 0.898958 0.160417 0.096875 0.168056
3 0.098958 0.400694 0.075000 0.184722
3 0.219792 0.409722 0.076042 0.177778
3 0.321875 0.408333 0.071875 0.175000
3 0.440625 0.405556 0.076042 0.175000
3 0.557292 0.405556 0.068750 0.183333
3 0.788542 0.404167 0.076042 0.186111
1 0.101042 0.663194 0.096875 0.168056
1 0.210417 0.656944 0.094792 0.172222
1 0.331250 0.665278 0.094792 0.163889
1 0.447917 0.661806 0.095833 0.162500
1 0.561458 0.659722 0.094792 0.166667
1 0.678125 0.668056 0.097917 0.161111
1 0.788542 0.661111 0.091667 0.172222
1 0.900000 0.661806 0.089583 0.165278
4 0.092708 0.906944 0.084375 0.116667
4 0.218750 0.911111 0.079167 0.116667
4 0.329167 0.911806 0.084375 0.109722
3 0.559375 0.878472 0.069792 0.181944
4 0.673958 0.917361 0.083333 0.106944
4 0.781250 0.910417 0.083333 0.115278
