5 0.101042 0.217361 0.070833 0.059722
5 0.212500 0.217361 0.069792 0.059722
5 0.332292 0.219444 0.076042 0.055556
5 0.551042 0.218056 0.075000 0.061111
5 0.678125 0.213194 0.076042 0.059722
5 0.894792 0.222917 0.076042 0.051389
4 0.208333 0.436806 0.080208 0.115278
4 0.325000 0.439583 0.086458 0.115278
4 0.440625 0.443750 0.081250 0.106944
4 0.553125 0.439583 0.083333 0.115278
4 0.670833 0.436806 0.085417 0.115278
4 0.791667 0.440972 0.079167 0.112500
4 0.902083 0.439583 0.084375 0.106944
5 0.219792 0.715972 0.069792 0.059722
5 0.327083 0.718056 0.077083 0.058333
5 0.447917 0.715972 0.072917 0.054167
5 0.556250 0.718056 0.068750 0.050000
5 0.667708 0.718056 0.075000 0.052778
5 0.790625 0.715972 0.071875 0.059722
5 0.896875 0.712500 0.072917 0.061111
5 0.095833 0.941667 0.076042 0.055556
5 0.207292 0.941667 0.072917 0.055556
5 0.326042 0.936806 0.068750 0.059722
5 0.446875 0.939583 0.070833 0.051389
5 0.556250 0.941667 0.069792 0.055556
5 0.673958 0.937500 0.073958 0.061111
5 0.787500 0.939583 0.073958 0.051389
5 0.907292 0.943750 0.073958 0.051389
