5 0.094792 0.213889 0.076042 0.058333
5 0.215625 0.218056 0.076042 0.055556
5 0.332292 0.212500 0.072917 0.061111
5 0.559375 0.221528 0.076042 0.051389
5 0.671875 0.218056 0.075000 0.052778
5 0.895833 0.222222 0.072917 0.050000
1 0.097917 0.413889 0.090625 0.163889
1 0.330208 0.413889 0.095833 0.166667
1 0.443750 0.417361 0.094792 0.162500
1 0.553125 0.413194 0.091667 0.168056
1 0.672917 0.409028 0.095833 0.168056
1 0.792708 0.413194 0.090625 0.168056
1 0.907292 0.418056 0.095833 0.161111
4 0.094792 0.690278 0.082292 0.116667
4 0.219792 0.691667 0.082292 0.108333
4 0.323958 0.688889 0.079167 0.108333
4 0.447917 0.693750 0.083333 0.106944
4 0.559375 0.688889 0.084375 0.111111
4 0.784375 0.688194 0.083333 0.112500
4 0.896875 0.691667 0.086458 0.113889
5 0.092708 0.941667 0.071875 0.058333
5 0.322917 0.941667 0.070833 0.055556
5 0.447917 0.934722 0.075000 0.061111
5 0.667708 0.940278 0.073958 0.058333
5 0.782292 0.942361 0.071875 0.051389
5 0.904167 0.940972 0.071875 0.059722
