2 0.093750 0.197917 0.100000 0.098611
2 0.323958 0.193750 0.105208 0.098611
2 0.448958 0.200694 0.105208 0.093056
2 0.553125 0.192361 0.100000 0.101389
2 0.678125 0.197917 0.108333 0.098611
2 0.782292 0.196528 0.107292 0.093056
2 0.903125 0.193056 0.108333 0.100000
5 0.104167 0.466667 0.072917 0.052778
5 0.214583 0.463194 0.076042 0.059722
5 0.444792 0.468750 0.076042 0.059722
5 0.554167 0.468056 0.076042 0.050000
5 0.666667 0.470139 0.071875 0.051389
1 0.784375 0.415972 0.090625 0.165278
5 0.900000 0.467361 0.072917 0.054167
1 0.092708 0.664583 0.089583 0.162500
1 0.208333 0.668056 0.097917 0.161111
1 0.323958 0.663889 0.097917 0.169444
1 0.440625 0.661111 0.093750 0.163889
1 0.554167 0.659722 0.090625 0.166667
1 0.677083 0.663889 0.097917 0.169444
1 0.785417 0.662500 0.097917 0.169444
1 0.905208 0.662500 0.094792 0.166667
0 0.105208 0.891667 0.063542 0.158333
0 0.209375 0.890972 0.065625 0.148611
0 0.331250 0.893750 0.065625 0.151389
0 0.555208 0.892361 0.066667 0.151389
0 0.677083 0.889583 0.060417 0.154167
0 0.784375 0.889583 0.061458 0.151389
0 0.902083 0.893750 0.064583 0.154167
