3 0.103125 0.152083 0.072917 0.181944
3 0.329167 0.154167 0.072917 0.186111
3 0.557292 0.154167 0.069792 0.183333
3 0.786458 0.153472 0.069792 0.179167
3 0.905208 0.155556 0.070833 0.177778
0 0.098958 0.421528 0.063542 0.148611
0 0.207292 0.425000 0.062500 0.147222
0 0.321875 0.422222 0.062500 0.150000
0 0.441667 0.420833 0.066667 0.155556
5 0.673958 0.463194 0.077083 0.059722
0 0.787500 0.415278 0.059375 0.155556
0 0.901042 0.419444 0.066667 0.155556
0 0.101042 0.670139 0.058333 0.151389
0 0.212500 0.671528 0.058333 0.148611
0 0.322917 0.665972 0.066667 0.154167
0 0.558333 0.665278 0.065625 0.158333
0 0.671875 0.669444 0.062500 0.155556
0 0.780208 0.668056 0.063542 0.152778
0 0.903125 0.666667 0.060417 0.155556
0 0.092708 0.886806 0.063542 0.156944
0 0.218750 0.893056 0.060417 0.150000
0 0.321875 0.890972 0.066667 0.151389
0 0.436458 0.894444 0.058333 0.152778
0 0.668750 0.892361 0.063542 0.154167
0 0.783333 0.889583 0.066667 0.154167
0 0.901042 0.891667 0.058333 0.155556
