2 0.092708 0.196528 0.108333 0.093056
2 0.210417 0.198611 0.103125 0.097222
2 0.442708 0.197917 0.102083 0.095833
2 0.555208 0.200694 0.107292 0.093056
2 0.667708 0.199306 0.104167 0.098611
4 0.790625 0.192361 0.082292 0.109722
2 0.897917 0.195139 0.102083 0.101389
4 0.100000 0.436111 0.087500 0.116667
4 0.215625 0.440278 0.083333 0.113889
4 0.323958 0.440972 0.082292 0.115278
4 0.448958 0.437500 0.082292 0.111111
4 0.552083 0.438194 0.086458 0.115278
4 0.675000 0.437500 0.085417 0.111111
1 0.783333 0.406944 0.092708 0.172222
4 0.895833 0.437500 0.080208 0.113889
1 0.105208 0.663194 0.092708 0.165278
1 0.209375 0.659722 0.094792 0.172222
1 0.326042 0.663889 0.091667 0.161111
1 0.437500 0.664583 0.092708 0.168056
1 0.560417 0.663194 0.090625 0.165278
1 0.671875 0.661111 0.092708 0.169444
1 0.787500 0.659722 0.095833 0.169444
1 0.902083 0.664583 0.097917 0.168056
2 0.092708 0.919444 0.100000 0.102778
2 0.209375 0.921528 0.106250 0.098611
2 0.331250 0.917361 0.104167 0.095833
2 0.557292 0.918056 0.108333 0.102778
2 0.666667 0.918750 0.103125 0.095833
2 0.785417 0.919444 0.100000 0.091667
