1 0.097917 0.167361 0.092708 0.162500
1 0.217708 0.166667 0.094792 0.161111
1 0.331250 0.156944 0.089583 0.172222
1 0.551042 0.163889 0.089583 0.161111
1 0.786458 0.160417 0.089583 0.165278
1 0.896875 0.165972 0.095833 0.162500
5 0.096875 0.469444 0.071875 0.055556
5 0.331250 0.468750 0.071875 0.059722
3 0.445833 0.404167 0.069792 0.180556
5 0.675000 0.470833 0.068750 0.055556
5 0.784375 0.466667 0.069792 0.055556
5 0.894792 0.465972 0.075000 0.059722
0 0.097917 0.670139 0.063542 0.151389
0 0.212500 0.671528 0.065625 0.154167
0 0.326042 0.673611 0.062500 0.150000
0 0.445833 0.666667 0.059375 0.158333
0 0.560417 0.665278 0.061458 0.158333
0 0.782292 0.670833 0.060417 0.152778
0 0.102083 0.887500 0.064583 0.158333
2 0.214583 0.918056 0.104167 0.100000
2 0.327083 0.920139 0.100000 0.098611
2 0.448958 0.922222 0.100000 0.094444
2 0.669792 0.920833 0.104167 0.091667
2 0.784375 0.915972 0.100000 0.098611
