4 0.092708 0.194444 0.085417 0.108333
4 0.214583 0.191667 0.085417 0.105556
4 0.323958 0.190278 0.082292 0.105556
1 0.441667 0.161111 0.097917 0.166667
4 0.556250 0.186806 0.084375 0.115278
4 0.667708 0.184722 0.082292 0.116667
4 0.785417 0.191667 0.079167 0.108333
4 0.904167 0.191667 0.085417 0.108333
5 0.092708 0.464583 0.068750 0.059722
5 0.214583 0.469444 0.073958 0.052778
5 0.327083 0.468750 0.073958 0.059722
5 0.442708 0.470833 0.072917 0.050000
5 0.551042 0.470833 0.070833 0.055556
5 0.672917 0.462500 0.069792 0.061111
5 0.786458 0.468056 0.068750 0.050000
5 0.900000 0.468750 0.069792 0.056944
1 0.218750 0.662500 0.091667 0.166667
1 0.330208 0.663194 0.093750 0.170833
1 0.443750 0.660417 0.097917 0.170833
1 0.562500 0.660417 0.089583 0.170833
1 0.678125 0.664583 0.096875 0.165278
1 0.783333 0.662500 0.092708 0.163889
0 0.906250 0.672917 0.065625 0.151389
2 0.096875 0.918056 0.101042 0.102778
2 0.217708 0.920833 0.104167 0.091667
2 0.334375 0.922222 0.106250 0.091667
2 0.446875 0.920139 0.101042 0.098611
2 0.559375 0.917361 0.106250 0.098611
2 0.665625 0.915278 0.101042 0.102778
2 0.786458 0.919444 0.104167 0.094444
2 0.900000 0.922917 0.105208 0.093056
