4 0.214583 0.194444 0.084375 0.105556
0 0.322917 0.168750 0.066667 0.156944
0 0.436458 0.174306 0.060417 0.148611
0 0.552083 0.172222 0.066667 0.150000
0 0.672917 0.172222 0.066667 0.152778
0 0.789583 0.165278 0.062500 0.155556
1 0.907292 0.162500 0.097917 0.163889
1 0.103125 0.413194 0.094792 0.168056
1 0.217708 0.412500 0.094792 0.161111
1 0.334375 0.413194 0.095833 0.168056
1 0.448958 0.412500 0.096875 0.172222
1 0.554167 0.412500 0.093750 0.172222
1 0.667708 0.415972 0.095833 0.165278
1 0.784375 0.413194 0.094792 0.170833
1 0.904167 0.415972 0.095833 0.162500
1 0.096875 0.663889 0.093750 0.161111
0 0.333333 0.671528 0.058333 0.154167
1 0.448958 0.661111 0.097917 0.166667
1 0.669792 0.658333 0.096875 0.172222
1 0.902083 0.664583 0.091667 0.168056
4 0.094792 0.911806 0.082292 0.112500
4 0.333333 0.909722 0.079167 0.111111
4 0.437500 0.912500 0.087500 0.116667
4 0.562500 0.910417 0.084375 0.115278
4 0.667708 0.916667 0.080208 0.108333
4 0.781250 0.911111 0.087500 0.108333
4 0.905208 0.911806 0.081250 0.106944
