3 0.097917 0.158333 0.070833 0.180556
3 0.218750 0.156944 0.073958 0.180556
3 0.322917 0.157639 0.075000 0.181944
3 0.443750 0.156250 0.076042 0.179167
3 0.678125 0.155556 0.070833 0.183333
3 0.780208 0.152778 0.075000 0.186111
3 0.905208 0.159722 0.073958 0.177778
2 0.096875 0.447917 0.100000 0.093056
2 0.213542 0.447917 0.107292 0.098611
2 0.322917 0.443056 0.104167 0.100000
2 0.441667 0.446528 0.108333 0.101389
2 0.556250 0.447222 0.101042 0.091667
2 0.672917 0.444444 0.108333 0.100000
2 0.787500 0.450694 0.100000 0.095833
2 0.907292 0.452083 0.101042 0.093056
1 0.103125 0.659722 0.096875 0.172222
1 0.216667 0.665278 0.091667 0.166667
1 0.442708 0.661111 0.091667 0.172222
1 0.559375 0.662500 0.097917 0.163889
1 0.665625 0.663194 0.089583 0.168056
1 0.790625 0.662500 0.096875 0.169444
1 0.894792 0.662500 0.092708 0.166667
1 0.101042 0.879167 0.096875 0.172222
1 0.219792 0.879167 0.094792 0.172222
1 0.321875 0.886111 0.092708 0.166667
1 0.448958 0.888194 0.092708 0.165278
1 0.560417 0.887500 0.092708 0.161111
1 0.675000 0.884722 0.093750 0.166667
1 0.790625 0.883333 0.089583 0.166667
1 0.896875 0.885417 0.095833 0.170833
