4 0.094792 0.186111 0.079167 0.113889
4 0.207292 0.190972 0.087500 0.115278
4 0.325000 0.188889 0.085417 0.113889
4 0.447917 0.194444 0.083333 0.105556
4 0.552083 0.190278 0.079167 0.108333
4 0.670833 0.193750 0.083333 0.109722
4 0.791667 0.192361 0.087500 0.109722
4 0.895833 0.191667 0.083333 0.111111
2 0.103125 0.450000 0.108333 0.097222
2 0.218750 0.443056 0.103125 0.100000
2 0.334375 0.441667 0.106250 0.102778
0 0.443750 0.415972 0.062500 0.154167
2 0.558333 0.447917 0.103125 0.095833
2 0.666667 0.450694 0.101042 0.095833
3 0.786458 0.404861 0.068750 0.176389
2 0.907292 0.445139 0.103125 0.098611
0 0.102083 0.671528 0.064583 0.154167
0 0.331250 0.665278 0.063542 0.158333
0 0.436458 0.672917 0.064583 0.151389
0 0.668750 0.665278 0.066667 0.158333
0 0.782292 0.673611 0.059375 0.147222
0 0.904167 0.672222 0.062500 0.152778
2 0.101042 0.915278 0.103125 0.102778
2 0.555208 0.915972 0.105208 0.101389
2 0.670833 0.920139 0.102083 0.101389
4 0.780208 0.914583 0.087500 0.106944
2 0.897917 0.922917 0.102083 0.095833
