0 0.093750 0.165972 0.065625 0.156944
0 0.210417 0.170833 0.060417 0.155556
0 0.326042 0.172222 0.060417 0.147222
0 0.436458 0.172917 0.065625 0.148611
0 0.552083 0.166667 0.064583 0.152778
0 0.665625 0.172222 0.063542 0.147222
0 0.780208 0.169444 0.060417 0.158333
0 0.895833 0.170833 0.065625 0.150000
2 0.440625 0.445833 0.105208 0.100000
2 0.559375 0.450000 0.107292 0.094444
2 0.786458 0.442361 0.102083 0.101389
2 0.902083 0.442361 0.107292 0.101389
0 0.096875 0.669444 0.060417 0.158333
0 0.219792 0.671528 0.059375 0.151389
0 0.327083 0.670833 0.059375 0.155556
0 0.561458 0.667361 0.065625 0.156944
0 0.668750 0.668056 0.063542 0.150000
0 0.786458 0.671528 0.064583 0.148611
1 0.093750 0.886111 0.093750 0.163889
1 0.212500 0.889583 0.094792 0.162500
1 0.334375 0.888194 0.095833 0.162500
4 0.446875 0.909028 0.084375 0.115278
1 0.557292 0.879861 0.093750 0.170833
1 0.673958 0.886806 0.093750 0.165278
1 0.788542 0.888194 0.097917 0.162500
1 0.898958 0.886806 0.093750 0.168056
