1 0.097917 0.162500 0.097917 0.163889
1 0.216667 0.161806 0.089583 0.168056
1 0.326042 0.161111 0.091667 0.172222
1 0.672917 0.156944 0.097917 0.172222
1 0.788542 0.162500 0.095833 0.169444
1 0.896875 0.162500 0.097917 0.169444
3 0.209375 0.403472 0.068750 0.179167
3 0.333333 0.404861 0.076042 0.176389
3 0.443750 0.403472 0.073958 0.181944
3 0.561458 0.400694 0.076042 0.184722
3 0.665625 0.404861 0.076042 0.179167
3 0.784375 0.406944 0.076042 0.175000
3 0.904167 0.401389 0.075000 0.186111
2 0.212500 0.702083 0.108333 0.093056
2 0.334375 0.695833 0.108333 0.100000
2 0.443750 0.694444 0.104167 0.100000
5 0.559375 0.720833 0.070833 0.055556
2 0.676042 0.701389 0.100000 0.091667
2 0.786458 0.698611 0.104167 0.094444
4 0.104167 0.911111 0.080208 0.108333
4 0.214583 0.906944 0.082292 0.116667
4 0.327083 0.918056 0.087500 0.105556
4 0.439583 0.914583 0.084375 0.109722
5 0.553125 0.940972 0.076042 0.059722
4 0.672917 0.914583 0.085417 0.112500
4 0.780208 0.911806 0.084375 0.112500
