1 0.100000 0.165972 0.090625 0.162500
1 0.217708 0.157639 0.096875 0.170833
1 0.328125 0.161806 0.097917 0.170833
1 0.440625 0.159722 0.093750 0.166667
1 0.560417 0.164583 0.096875 0.168056
1 0.907292 0.162500 0.097917 0.161111
4 0.097917 0.439583 0.086458 0.109722
4 0.210417 0.439583 0.083333 0.106944
4 0.321875 0.440278 0.086458 0.111111
4 0.445833 0.438889 0.080208 0.108333
4 0.553125 0.440972 0.083333 0.115278
5 0.666667 0.464583 0.068750 0.056944
4 0.785417 0.445139 0.085417 0.106944
4 0.896875 0.438889 0.086458 0.111111
2 0.102083 0.700000 0.103125 0.094444
2 0.208333 0.697917 0.100000 0.101389
2 0.332292 0.700000 0.106250 0.094444
2 0.448958 0.694444 0.107292 0.102778
2 0.561458 0.698611 0.108333 0.097222
2 0.676042 0.699306 0.107292 0.098611
2 0.783333 0.702778 0.100000 0.091667
4 0.211458 0.912500 0.086458 0.105556
4 0.329167 0.913194 0.086458 0.109722
4 0.551042 0.915278 0.079167 0.108333
0 0.666667 0.893750 0.064583 0.151389
4 0.781250 0.913194 0.086458 0.115278
4 0.905208 0.915972 0.083333 0.106944
