2 0.102083 0.197917 0.105208 0.093056
2 0.213542 0.201389 0.101042 0.094444
2 0.330208 0.193056 0.100000 0.100000
2 0.437500 0.200694 0.106250 0.093056
3 0.551042 0.152778 0.068750 0.186111
2 0.675000 0.198611 0.100000 0.097222
2 0.780208 0.196528 0.100000 0.095833
2 0.902083 0.199306 0.106250 0.093056
1 0.096875 0.408333 0.096875 0.169444
1 0.216667 0.417361 0.094792 0.162500
1 0.445833 0.411111 0.092708 0.166667
1 0.560417 0.411806 0.097917 0.168056
1 0.669792 0.410417 0.094792 0.168056
4 0.781250 0.442361 0.079167 0.106944
1 0.897917 0.417361 0.094792 0.162500
1 0.092708 0.664583 0.096875 0.168056
1 0.332292 0.662500 0.094792 0.163889
1 0.448958 0.663194 0.092708 0.168056
1 0.554167 0.659028 0.089583 0.170833
1 0.677083 0.664583 0.094792 0.168056
1 0.790625 0.663194 0.089583 0.170833
1 0.906250 0.659028 0.097917 0.170833
0 0.101042 0.892361 0.060417 0.154167
0 0.217708 0.891667 0.066667 0.150000
0 0.327083 0.886806 0.064583 0.156944
0 0.448958 0.893056 0.065625 0.147222
0 0.562500 0.893056 0.063542 0.155556
3 0.665625 0.878472 0.077083 0.184722
0 0.792708 0.892361 0.066667 0.148611
0 0.907292 0.893750 0.063542 0.151389
