5 0.096875 0.217361 0.076042 0.059722
5 0.207292 0.220139 0.073958 0.051389
5 0.321875 0.213889 0.077083 0.058333
5 0.445833 0.212500 0.075000 0.061111
5 0.560417 0.221528 0.072917 0.054167
5 0.670833 0.215972 0.077083 0.054167
5 0.785417 0.223611 0.076042 0.050000
5 0.902083 0.218750 0.076042 0.059722
5 0.097917 0.465972 0.073958 0.059722
5 0.208333 0.468056 0.075000 0.052778
5 0.326042 0.468750 0.073958 0.051389
5 0.444792 0.469444 0.070833 0.052778
5 0.553125 0.467361 0.072917 0.056944
5 0.673958 0.472917 0.076042 0.051389
5 0.789583 0.470139 0.071875 0.051389
5 0.903125 0.468750 0.077083 0.059722
3 0.092708 0.658333 0.076042 0.180556
3 0.208333 0.653472 0.075000 0.179167
3 0.327083 0.654861 0.069792 0.176389
3 0.446875 0.654861 0.075000 0.176389
3 0.559375 0.656250 0.073958 0.184722
3 0.672917 0.654167 0.076042 0.180556
3 0.786458 0.654861 0.073958 0.184722
3 0.904167 0.656250 0.076042 0.184722
3 0.097917 0.874306 0.073958 0.184722
0 0.217708 0.893056 0.065625 0.152778
0 0.331250 0.888889 0.061458 0.155556
0 0.446875 0.892361 0.060417 0.156944
3 0.562500 0.872917 0.073958 0.184722
0 0.672917 0.893750 0.062500 0.148611
0 0.789583 0.890972 0.059375 0.154167
0 0.900000 0.886806 0.059375 0.156944
