4 0.217708 0.190278 0.084375 0.116667
4 0.326042 0.189583 0.083333 0.112500
4 0.446875 0.188889 0.079167 0.113889
4 0.557292 0.186111 0.085417 0.113889
4 0.676042 0.188194 0.087500 0.115278
4 0.781250 0.191667 0.081250 0.111111
4 0.897917 0.192361 0.084375 0.106944
2 0.100000 0.446528 0.107292 0.093056
2 0.211458 0.445833 0.106250 0.102778
2 0.327083 0.447222 0.107292 0.094444
2 0.443750 0.450000 0.100000 0.091667
2 0.560417 0.450000 0.101042 0.094444
2 0.668750 0.444444 0.100000 0.102778
2 0.791667 0.447917 0.103125 0.095833
2 0.894792 0.449306 0.102083 0.093056
4 0.100000 0.689583 0.081250 0.112500
4 0.331250 0.695833 0.082292 0.105556
4 0.448958 0.693056 0.085417 0.111111
5 0.558333 0.718056 0.069792 0.058333
4 0.671875 0.687500 0.079167 0.111111
4 0.784375 0.689583 0.087500 0.106944
4 0.900000 0.692361 0.087500 0.109722
4 0.095833 0.909028 0.086458 0.112500
4 0.219792 0.917361 0.081250 0.106944
4 0.329167 0.909722 0.083333 0.111111
4 0.447917 0.908333 0.084375 0.113889
4 0.556250 0.913194 0.081250 0.112500
4 0.672917 0.911111 0.085417 0.113889
4 0.791667 0.911111 0.080208 0.108333
4 0.904167 0.915278 0.086458 0.108333
