1 0.096875 0.163889 0.097917 0.161111
1 0.215625 0.163889 0.090625 0.169444
1 0.329167 0.163889 0.092708 0.169444
1 0.442708 0.162500 0.093750 0.169444
1 0.672917 0.160417 0.096875 0.165278
1 0.783333 0.165278 0.095833 0.166667
1 0.898958 0.165278 0.096875 0.161111
1 0.100000 0.409722 0.097917 0.172222
1 0.212500 0.415278 0.097917 0.161111
1 0.334375 0.411111 0.090625 0.172222
1 0.446875 0.415972 0.092708 0.165278
1 0.551042 0.415278 0.095833 0.161111
1 0.669792 0.414583 0.095833 0.168056
1 0.783333 0.413194 0.089583 0.168056
1 0.903125 0.407639 0.095833 0.170833
0 0.097917 0.668056 0.062500 0.152778
0 0.215625 0.666667 0.059375 0.152778
0 0.322917 0.667361 0.066667 0.151389
0 0.437500 0.670833 0.062500 0.155556
0 0.561458 0.672917 0.062500 0.148611
0 0.670833 0.673611 0.059375 0.147222
0 0.783333 0.665278 0.062500 0.155556
0 0.902083 0.671528 0.061458 0.154167
3 0.094792 0.875694 0.068750 0.179167
3 0.214583 0.880556 0.073958 0.180556
3 0.332292 0.875000 0.069792 0.186111
3 0.448958 0.881944 0.075000 0.177778
3 0.560417 0.878472 0.068750 0.181944
3 0.672917 0.876389 0.068750 0.180556
3 0.903125 0.874306 0.076042 0.181944
