2 0.094792 0.198611 0.105208 0.091667
5 0.210417 0.215972 0.069792 0.056944
2 0.332292 0.201389 0.104167 0.094444
2 0.445833 0.202083 0.104167 0.093056
2 0.552083 0.199306 0.101042 0.093056
2 0.676042 0.199306 0.100000 0.093056
2 0.782292 0.191667 0.108333 0.102778
2 0.904167 0.202778 0.100000 0.091667
1 0.094792 0.410417 0.092708 0.170833
1 0.219792 0.415972 0.096875 0.162500
1 0.333333 0.409722 0.093750 0.166667
1 0.448958 0.410417 0.091667 0.168056
1 0.561458 0.409028 0.089583 0.170833
1 0.671875 0.406944 0.096875 0.172222
1 0.788542 0.413889 0.091667 0.163889
3 0.103125 0.652778 0.075000 0.186111
3 0.212500 0.659722 0.070833 0.177778
0 0.332292 0.671528 0.062500 0.154167
3 0.441667 0.659722 0.076042 0.175000
3 0.557292 0.659722 0.069792 0.177778
3 0.668750 0.659028 0.073958 0.179167
3 0.788542 0.651389 0.076042 0.186111
3 0.900000 0.651389 0.068750 0.186111
2 0.096875 0.916667 0.103125 0.097222
2 0.216667 0.922917 0.105208 0.093056
2 0.333333 0.922222 0.104167 0.097222
2 0.448958 0.923611 0.101042 0.094444
2 0.555208 0.918056 0.104167 0.097222
2 0.784375 0.915972 0.108333 0.101389
