5 0.093750 0.220139 0.068750 0.056944
5 0.213542 0.217361 0.075000 0.054167
5 0.330208 0.217361 0.068750 0.059722
5 0.562500 0.214583 0.071875 0.059722
5 0.675000 0.220139 0.070833 0.056944
2 0.789583 0.197222 0.104167 0.102778
5 0.900000 0.220139 0.075000 0.051389
0 0.323958 0.421528 0.059375 0.151389
0 0.437500 0.419444 0.058333 0.150000
0 0.562500 0.420139 0.065625 0.148611
0 0.677083 0.424306 0.063542 0.148611
0 0.788542 0.421528 0.063542 0.154167
0 0.900000 0.419444 0.060417 0.158333
1 0.216667 0.662500 0.097917 0.163889
1 0.327083 0.663194 0.096875 0.162500
1 0.447917 0.663889 0.097917 0.166667
1 0.559375 0.662500 0.096875 0.163889
1 0.673958 0.656944 0.089583 0.172222
1 0.791667 0.665278 0.094792 0.161111
0 0.905208 0.668056 0.066667 0.158333
1 0.105208 0.884722 0.096875 0.172222
2 0.219792 0.918056 0.104167 0.100000
2 0.325000 0.916667 0.104167 0.100000
2 0.444792 0.918056 0.106250 0.094444
2 0.561458 0.918056 0.103125 0.102778
2 0.785417 0.919444 0.104167 0.091667
3 0.904167 0.876389 0.075000 0.177778
