2 0.092708 0.192361 0.100000 0.101389
2 0.209375 0.197222 0.100000 0.100000
2 0.323958 0.197222 0.108333 0.094444
2 0.445833 0.201389 0.103125 0.091667
2 0.554167 0.197917 0.102083 0.093056
2 0.677083 0.194444 0.103125 0.100000
2 0.786458 0.194444 0.100000 0.100000
2 0.896875 0.200000 0.104167 0.094444
5 0.097917 0.464583 0.068750 0.059722
5 0.208333 0.465972 0.077083 0.059722
5 0.331250 0.467361 0.072917 0.059722
5 0.448958 0.468056 0.068750 0.055556
5 0.557292 0.470139 0.077083 0.054167
5 0.666667 0.465278 0.073958 0.058333
5 0.788542 0.463889 0.069792 0.061111
1 0.907292 0.413194 0.095833 0.165278
2 0.105208 0.701389 0.102083 0.094444
2 0.212500 0.700694 0.105208 0.095833
5 0.323958 0.712500 0.075000 0.061111
2 0.448958 0.695139 0.106250 0.095833
2 0.556250 0.698611 0.103125 0.097222
2 0.668750 0.695833 0.103125 0.097222
2 0.785417 0.695139 0.104167 0.098611
2 0.894792 0.691667 0.103125 0.102778
2 0.094792 0.919444 0.103125 0.102778
2 0.212500 0.919444 0.105208 0.097222
2 0.334375 0.918056 0.105208 0.102778
2 0.443750 0.920833 0.100000 0.100000
2 0.552083 0.922917 0.102083 0.095833
2 0.673958 0.918056 0.104167 0.100000
2 0.787500 0.919444 0.103125 0.097222
2 0.896875 0.918056 0.108333 0.100000
