1 0.095833 0.163889 0.091667 0.161111
1 0.211458 0.163889 0.090625 0.161111
1 0.321875 0.156944 0.095833 0.172222
1 0.448958 0.161111 0.089583 0.163889
1 0.670833 0.160417 0.093750 0.165278
1 0.782292 0.166667 0.089583 0.163889
1 0.897917 0.162500 0.094792 0.163889
0 0.098958 0.421528 0.060417 0.154167
4 0.211458 0.442361 0.082292 0.109722
4 0.327083 0.435417 0.085417 0.115278
4 0.439583 0.436806 0.084375 0.112500
1 0.563542 0.409722 0.092708 0.172222
4 0.782292 0.445833 0.081250 0.105556
4 0.902083 0.440972 0.079167 0.106944
5 0.103125 0.720833 0.075000 0.055556
0 0.213542 0.666667 0.063542 0.152778
0 0.329167 0.665278 0.061458 0.158333
0 0.441667 0.673611 0.060417 0.150000
0 0.562500 0.665278 0.062500 0.158333
0 0.666667 0.669444 0.059375 0.150000
0 0.906250 0.671528 0.061458 0.154167
3 0.104167 0.875000 0.076042 0.180556
3 0.331250 0.879167 0.073958 0.177778
3 0.447917 0.876389 0.076042 0.183333
3 0.553125 0.876389 0.073958 0.180556
3 0.668750 0.875000 0.072917 0.183333
3 0.780208 0.875694 0.072917 0.184722
3 0.898958 0.881944 0.073958 0.175000
