3 0.102083 0.156250 0.069792 0.181944
3 0.207292 0.154167 0.069792 0.180556
3 0.328125 0.157639 0.073958 0.179167
3 0.446875 0.156250 0.072917 0.181944
3 0.678125 0.151389 0.075000 0.183333
3 0.788542 0.161111 0.072917 0.175000
0 0.103125 0.419444 0.060417 0.150000
0 0.209375 0.417361 0.063542 0.154167
0 0.330208 0.416667 0.062500 0.158333
0 0.447917 0.417361 0.063542 0.156944
0 0.560417 0.415278 0.061458 0.155556
0 0.671875 0.420139 0.058333 0.151389
0 0.783333 0.420139 0.062500 0.151389
5 0.095833 0.718750 0.071875 0.054167
2 0.216667 0.698611 0.107292 0.097222
2 0.334375 0.698611 0.104167 0.091667
2 0.554167 0.694444 0.102083 0.100000
2 0.672917 0.697917 0.108333 0.098611
2 0.782292 0.694444 0.105208 0.097222
2 0.896875 0.696528 0.102083 0.101389
0 0.105208 0.890972 0.062500 0.156944
0 0.208333 0.889583 0.060417 0.156944
0 0.334375 0.887500 0.066667 0.158333
0 0.439583 0.890278 0.062500 0.155556
0 0.563542 0.887500 0.064583 0.158333
0 0.672917 0.888194 0.062500 0.154167
0 0.781250 0.895139 0.065625 0.151389
