4 0.330208 0.188889 0.084375 0.116667
4 0.563542 0.191667 0.079167 0.111111
4 0.785417 0.190278 0.087500 0.113889
4 0.905208 0.187500 0.084375 0.116667
5 0.104167 0.467361 0.072917 0.059722
5 0.442708 0.467361 0.070833 0.056944
5 0.552083 0.465278 0.077083 0.058333
0 0.792708 0.419444 0.060417 0.158333
5 0.900000 0.466667 0.070833 0.055556
3 0.096875 0.655556 0.070833 0.177778
3 0.209375 0.655556 0.072917 0.177778
3 0.323958 0.660417 0.073958 0.176389
3 0.439583 0.655556 0.068750 0.175000
3 0.552083 0.657639 0.076042 0.179167
4 0.666667 0.687500 0.079167 0.116667
3 0.782292 0.653472 0.069792 0.181944
3 0.896875 0.657639 0.071875 0.176389
0 0.209375 0.895833 0.062500 0.147222
0 0.323958 0.892361 0.061458 0.156944
0 0.447917 0.895833 0.063542 0.147222
5 0.554167 0.937500 0.076042 0.058333
0 0.677083 0.894444 0.062500 0.152778
0 0.787500 0.888194 0.066667 0.154167
0 0.907292 0.890278 0.065625 0.158333
