3 0.105208 0.152778 0.072917 0.180556
3 0.219792 0.159722 0.075000 0.177778
3 0.328125 0.152083 0.075000 0.181944
3 0.439583 0.158333 0.076042 0.175000
3 0.558333 0.161111 0.075000 0.175000
3 0.678125 0.155556 0.075000 0.186111
3 0.902083 0.156944 0.071875 0.180556
2 0.103125 0.446528 0.106250 0.095833
4 0.216667 0.438889 0.079167 0.108333
2 0.326042 0.447917 0.100000 0.101389
2 0.442708 0.446528 0.100000 0.098611
2 0.551042 0.445833 0.106250 0.102778
2 0.668750 0.443056 0.100000 0.102778
2 0.903125 0.446528 0.103125 0.095833
5 0.094792 0.714583 0.069792 0.059722
5 0.213542 0.721528 0.069792 0.054167
1 0.436458 0.660417 0.096875 0.170833
5 0.557292 0.718750 0.073958 0.051389
5 0.665625 0.720139 0.076042 0.051389
5 0.781250 0.722917 0.069792 0.051389
5 0.904167 0.718056 0.068750 0.061111
1 0.207292 0.881944 0.097917 0.166667
4 0.441667 0.915972 0.082292 0.109722
4 0.554167 0.909028 0.084375 0.112500
3 0.673958 0.875000 0.077083 0.183333
4 0.791667 0.915278 0.079167 0.111111
4 0.904167 0.912500 0.084375 0.113889
