4 0.096875 0.192361 0.079167 0.106944
4 0.217708 0.185417 0.086458 0.115278
4 0.326042 0.189583 0.085417 0.106944
4 0.555208 0.186111 0.081250 0.113889
4 0.786458 0.190972 0.081250 0.115278
4 0.901042 0.187500 0.080208 0.116667
5 0.105208 0.465972 0.069792 0.059722
5 0.209375 0.470833 0.073958 0.052778
5 0.321875 0.472222 0.076042 0.050000
5 0.448958 0.472222 0.068750 0.052778
5 0.557292 0.468750 0.071875 0.054167
5 0.791667 0.472222 0.069792 0.052778
4 0.902083 0.436111 0.085417 0.116667
3 0.104167 0.650000 0.077083 0.186111
3 0.208333 0.651389 0.070833 0.186111
3 0.444792 0.656250 0.070833 0.184722
3 0.553125 0.656944 0.070833 0.180556
3 0.677083 0.658333 0.073958 0.175000
3 0.787500 0.652778 0.075000 0.180556
3 0.897917 0.654861 0.076042 0.181944
1 0.101042 0.884722 0.095833 0.172222
1 0.207292 0.889583 0.096875 0.162500
1 0.443750 0.882639 0.093750 0.170833
1 0.559375 0.881944 0.094792 0.172222
1 0.668750 0.889583 0.097917 0.162500
1 0.792708 0.884028 0.095833 0.170833
1 0.900000 0.886806 0.092708 0.165278
