3 0.219792 0.154861 0.073958 0.184722
4 0.328125 0.195139 0.083333 0.106944
3 0.555208 0.156250 0.075000 0.184722
3 0.897917 0.159722 0.071875 0.175000
5 0.105208 0.469444 0.069792 0.055556
5 0.329167 0.463194 0.076042 0.059722
5 0.441667 0.468056 0.075000 0.050000
5 0.551042 0.469444 0.077083 0.055556
5 0.677083 0.465972 0.076042 0.054167
5 0.787500 0.463889 0.072917 0.058333
2 0.900000 0.446528 0.103125 0.101389
4 0.096875 0.693056 0.086458 0.108333
4 0.218750 0.687500 0.082292 0.111111
4 0.329167 0.688889 0.080208 0.113889
4 0.673958 0.688889 0.081250 0.108333
4 0.900000 0.690278 0.086458 0.111111
1 0.100000 0.888889 0.090625 0.161111
0 0.210417 0.893750 0.060417 0.148611
1 0.332292 0.886111 0.090625 0.163889
1 0.439583 0.888889 0.095833 0.161111
1 0.561458 0.882639 0.095833 0.168056
1 0.671875 0.884722 0.095833 0.169444
1 0.781250 0.886806 0.097917 0.162500
1 0.904167 0.883333 0.089583 0.163889
