4 0.100000 0.189583 0.086458 0.115278
4 0.327083 0.188194 0.086458 0.115278
4 0.442708 0.190278 0.082292 0.113889
4 0.553125 0.194444 0.084375 0.108333
4 0.672917 0.190278 0.080208 0.116667
4 0.787500 0.191667 0.086458 0.108333
4 0.896875 0.186111 0.087500 0.113889
4 0.097917 0.437500 0.086458 0.116667
4 0.208333 0.437500 0.082292 0.111111
4 0.327083 0.434722 0.081250 0.116667
4 0.448958 0.438889 0.079167 0.113889
4 0.558333 0.440972 0.079167 0.109722
4 0.788542 0.439583 0.083333 0.115278
4 0.906250 0.436806 0.087500 0.115278
4 0.095833 0.692361 0.085417 0.112500
4 0.218750 0.687500 0.086458 0.111111
4 0.322917 0.688889 0.087500 0.113889
4 0.670833 0.688194 0.087500 0.109722
4 0.780208 0.687500 0.086458 0.113889
5 0.093750 0.940278 0.071875 0.055556
5 0.215625 0.938889 0.069792 0.052778
5 0.322917 0.945833 0.077083 0.050000
5 0.440625 0.935417 0.071875 0.059722
5 0.670833 0.943056 0.076042 0.055556
5 0.792708 0.938889 0.072917 0.052778
5 0.896875 0.945833 0.070833 0.050000
