4 0.101042 0.191667 0.083333 0.105556
4 0.211458 0.190972 0.079167 0.115278
3 0.328125 0.159028 0.077083 0.179167
4 0.442708 0.187500 0.083333 0.116667
4 0.556250 0.188889 0.087500 0.113889
0 0.677083 0.171528 0.060417 0.151389
1 0.780208 0.162500 0.092708 0.161111
4 0.897917 0.190972 0.085417 0.115278
4 0.096875 0.439583 0.080208 0.106944
4 0.216667 0.437500 0.080208 0.113889
4 0.333333 0.440972 0.087500 0.115278
4 0.437500 0.440278 0.083333 0.116667
0 0.561458 0.418056 0.066667 0.152778
4 0.666667 0.435417 0.082292 0.115278
4 0.903125 0.438194 0.083333 0.112500
0 0.097917 0.670139 0.058333 0.148611
2 0.211458 0.700000 0.106250 0.097222
0 0.330208 0.670833 0.059375 0.147222
0 0.438542 0.665278 0.059375 0.158333
0 0.557292 0.669444 0.058333 0.150000
2 0.672917 0.697222 0.105208 0.094444
0 0.787500 0.665972 0.061458 0.154167
4 0.906250 0.687500 0.081250 0.116667
1 0.102083 0.881250 0.094792 0.168056
4 0.207292 0.913194 0.081250 0.109722
5 0.552083 0.941667 0.069792 0.050000
5 0.670833 0.939583 0.075000 0.051389
5 0.791667 0.939583 0.068750 0.059722
5 0.901042 0.937500 0.072917 0.055556
