2 0.093750 0.197222 0.104167 0.100000
2 0.208333 0.202778 0.108333 0.091667
3 0.436458 0.158333 0.071875 0.180556
2 0.563542 0.194444 0.102083 0.100000
2 0.672917 0.196528 0.107292 0.101389
2 0.787500 0.202778 0.105208 0.091667
2 0.897917 0.197917 0.100000 0.095833
0 0.104167 0.420139 0.059375 0.148611
1 0.322917 0.412500 0.091667 0.163889
1 0.560417 0.409722 0.089583 0.172222
1 0.671875 0.409028 0.092708 0.168056
5 0.790625 0.472222 0.073958 0.052778
1 0.906250 0.410417 0.090625 0.170833
3 0.094792 0.656944 0.073958 0.177778
3 0.207292 0.651389 0.069792 0.183333
3 0.329167 0.650000 0.073958 0.186111
3 0.448958 0.656250 0.075000 0.179167
3 0.551042 0.656250 0.073958 0.179167
3 0.676042 0.650000 0.073958 0.186111
3 0.785417 0.653472 0.071875 0.179167
3 0.903125 0.652778 0.076042 0.180556
5 0.097917 0.944444 0.070833 0.050000
5 0.217708 0.938889 0.071875 0.052778
5 0.323958 0.937500 0.071875 0.061111
5 0.448958 0.945139 0.075000 0.051389
5 0.667708 0.940278 0.069792 0.050000
5 0.900000 0.936111 0.071875 0.058333
