2 0.096875 0.202083 0.104167 0.093056
2 0.323958 0.194444 0.103125 0.102778
2 0.448958 0.197917 0.108333 0.095833
2 0.551042 0.200694 0.106250 0.095833
2 0.665625 0.198611 0.104167 0.097222
2 0.781250 0.196528 0.105208 0.101389
1 0.897917 0.159722 0.097917 0.172222
2 0.096875 0.443750 0.100000 0.101389
2 0.321875 0.444444 0.104167 0.097222
2 0.443750 0.447917 0.108333 0.101389
2 0.555208 0.445833 0.106250 0.097222
2 0.677083 0.451389 0.108333 0.094444
2 0.788542 0.447222 0.103125 0.097222
2 0.900000 0.447917 0.103125 0.093056
5 0.097917 0.721528 0.077083 0.051389
5 0.211458 0.719444 0.073958 0.055556
5 0.332292 0.718750 0.071875 0.059722
5 0.448958 0.719444 0.070833 0.050000
5 0.563542 0.718056 0.076042 0.061111
5 0.676042 0.718056 0.071875 0.052778
5 0.783333 0.714583 0.073958 0.059722
5 0.902083 0.720139 0.068750 0.051389
4 0.094792 0.910417 0.087500 0.109722
4 0.217708 0.915972 0.087500 0.109722
4 0.333333 0.912500 0.084375 0.113889
4 0.446875 0.915972 0.081250 0.109722
4 0.558333 0.909722 0.083333 0.113889
4 0.787500 0.913889 0.082292 0.108333
4 0.897917 0.912500 0.086458 0.111111
