1 0.105208 0.159722 0.089583 0.172222
1 0.218750 0.159722 0.095833 0.169444
1 0.325000 0.162500 0.090625 0.161111
1 0.436458 0.162500 0.089583 0.166667
1 0.678125 0.160417 0.090625 0.165278
1 0.790625 0.161806 0.095833 0.162500
1 0.898958 0.163194 0.094792 0.170833
4 0.096875 0.444444 0.079167 0.108333
4 0.331250 0.436806 0.081250 0.115278
4 0.441667 0.444444 0.087500 0.105556
4 0.552083 0.438889 0.081250 0.113889
4 0.668750 0.440278 0.085417 0.113889
1 0.897917 0.408333 0.096875 0.169444
1 0.101042 0.659722 0.094792 0.169444
1 0.212500 0.661806 0.089583 0.162500
1 0.447917 0.663194 0.091667 0.165278
1 0.556250 0.664583 0.092708 0.165278
1 0.666667 0.662500 0.093750 0.163889
1 0.792708 0.666667 0.096875 0.163889
1 0.907292 0.660417 0.093750 0.168056
3 0.092708 0.883333 0.076042 0.175000
3 0.217708 0.878472 0.072917 0.179167
3 0.333333 0.873611 0.069792 0.183333
5 0.448958 0.940278 0.069792 0.050000
3 0.667708 0.877083 0.075000 0.184722
3 0.786458 0.882639 0.077083 0.176389
