5 0.217708 0.218750 0.077083 0.054167
0 0.332292 0.170139 0.065625 0.154167
0 0.553125 0.164583 0.065625 0.156944
0 0.673958 0.171528 0.066667 0.151389
0 0.787500 0.172917 0.065625 0.148611
3 0.903125 0.161111 0.075000 0.175000
4 0.097917 0.436806 0.086458 0.112500
4 0.218750 0.440972 0.086458 0.112500
4 0.444792 0.437500 0.083333 0.116667
4 0.555208 0.445139 0.085417 0.106944
4 0.677083 0.440972 0.086458 0.109722
4 0.787500 0.440972 0.080208 0.115278
5 0.219792 0.713889 0.076042 0.061111
5 0.328125 0.716667 0.073958 0.061111
5 0.438542 0.720833 0.076042 0.052778
5 0.554167 0.717361 0.077083 0.054167
5 0.673958 0.715278 0.070833 0.061111
5 0.784375 0.716667 0.075000 0.061111
1 0.323958 0.881944 0.093750 0.166667
1 0.562500 0.888194 0.097917 0.165278
1 0.671875 0.888889 0.093750 0.161111
1 0.905208 0.885417 0.096875 0.165278
