5 0.209375 0.220833 0.069792 0.052778
5 0.440625 0.218056 0.070833 0.058333
5 0.553125 0.217361 0.075000 0.051389
5 0.676042 0.222222 0.068750 0.052778
5 0.785417 0.218750 0.069792 0.051389
5 0.904167 0.217361 0.070833 0.051389
4 0.096875 0.443056 0.086458 0.108333
4 0.215625 0.436111 0.080208 0.116667
4 0.334375 0.443056 0.079167 0.111111
4 0.439583 0.439583 0.082292 0.109722
4 0.672917 0.442361 0.081250 0.112500
4 0.903125 0.436111 0.084375 0.116667
5 0.105208 0.715278 0.070833 0.058333
5 0.211458 0.715972 0.070833 0.056944
5 0.323958 0.718056 0.077083 0.052778
5 0.448958 0.719444 0.075000 0.052778
5 0.561458 0.716667 0.072917 0.052778
5 0.675000 0.716667 0.072917 0.052778
5 0.786458 0.720833 0.068750 0.052778
4 0.897917 0.687500 0.084375 0.113889
5 0.216667 0.940972 0.068750 0.051389
5 0.329167 0.937500 0.070833 0.055556
5 0.444792 0.941667 0.075000 0.050000
5 0.551042 0.940278 0.069792 0.058333
5 0.665625 0.945833 0.073958 0.050000
5 0.786458 0.936806 0.069792 0.059722
5 0.894792 0.945139 0.075000 0.051389
