0 0.100000 0.168056 0.058333 0.155556
0 0.209375 0.165278 0.060417 0.158333
0 0.329167 0.167361 0.064583 0.151389
0 0.437500 0.168750 0.060417 0.151389
0 0.560417 0.170833 0.064583 0.147222
0 0.670833 0.171528 0.061458 0.151389
0 0.784375 0.168750 0.062500 0.154167
0 0.905208 0.172222 0.058333 0.147222
2 0.100000 0.447222 0.102083 0.097222
2 0.447917 0.446528 0.105208 0.098611
2 0.552083 0.447917 0.106250 0.093056
2 0.673958 0.452083 0.101042 0.093056
2 0.782292 0.448611 0.102083 0.091667
2 0.900000 0.447917 0.108333 0.098611
3 0.094792 0.661111 0.077083 0.175000
3 0.329167 0.656944 0.071875 0.183333
3 0.442708 0.656944 0.077083 0.183333
3 0.672917 0.655556 0.068750 0.186111
3 0.781250 0.651389 0.072917 0.186111
1 0.898958 0.661111 0.093750 0.163889
0 0.208333 0.893750 0.063542 0.154167
0 0.327083 0.893056 0.058333 0.147222
0 0.446875 0.890278 0.059375 0.155556
0 0.558333 0.891667 0.064583 0.150000
1 0.667708 0.884722 0.096875 0.163889
1 0.790625 0.886111 0.091667 0.169444
