1 0.101042 0.163194 0.095833 0.168056
1 0.214583 0.163194 0.091667 0.165278
1 0.333333 0.158333 0.094792 0.172222
1 0.445833 0.160417 0.090625 0.165278
1 0.563542 0.162500 0.097917 0.163889
1 0.671875 0.165972 0.096875 0.165278
5 0.784375 0.218056 0.071875 0.058333
1 0.901042 0.161111 0.093750 0.172222
0 0.093750 0.421528 0.064583 0.151389
1 0.211458 0.414583 0.089583 0.162500
1 0.334375 0.409722 0.093750 0.166667
1 0.437500 0.408333 0.092708 0.169444
1 0.666667 0.408333 0.092708 0.169444
2 0.791667 0.446528 0.105208 0.098611
1 0.903125 0.411111 0.092708 0.169444
0 0.105208 0.669444 0.061458 0.152778
0 0.207292 0.665278 0.064583 0.155556
0 0.443750 0.669444 0.060417 0.150000
0 0.562500 0.668056 0.062500 0.150000
0 0.675000 0.672222 0.063542 0.147222
0 0.790625 0.668056 0.059375 0.155556
3 0.096875 0.881250 0.068750 0.179167
3 0.207292 0.872917 0.076042 0.184722
3 0.326042 0.878472 0.073958 0.176389
3 0.438542 0.875000 0.073958 0.180556
3 0.671875 0.877083 0.068750 0.176389
3 0.789583 0.875694 0.072917 0.181944
3 0.896875 0.879861 0.077083 0.179167
