3 0.098958 0.153472 0.076042 0.181944
3 0.207292 0.156250 0.075000 0.184722
3 0.448958 0.152778 0.072917 0.180556
3 0.560417 0.154167 0.076042 0.180556
3 0.788542 0.160417 0.077083 0.176389
3 0.902083 0.154861 0.071875 0.181944
0 0.092708 0.415972 0.063542 0.156944
4 0.217708 0.438889 0.085417 0.111111
4 0.328125 0.438889 0.084375 0.111111
4 0.445833 0.437500 0.083333 0.113889
4 0.554167 0.438194 0.080208 0.115278
4 0.672917 0.437500 0.084375 0.111111
4 0.780208 0.443750 0.087500 0.106944
4 0.905208 0.437500 0.080208 0.111111
1 0.093750 0.662500 0.094792 0.169444
1 0.218750 0.659722 0.090625 0.172222
1 0.333333 0.659028 0.095833 0.168056
1 0.442708 0.661806 0.090625 0.168056
2 0.553125 0.697222 0.107292 0.102778
1 0.666667 0.666667 0.091667 0.163889
1 0.781250 0.659722 0.093750 0.172222
1 0.906250 0.663194 0.097917 0.168056
2 0.093750 0.920833 0.102083 0.091667
0 0.218750 0.891667 0.066667 0.152778
2 0.330208 0.916667 0.105208 0.097222
2 0.446875 0.921528 0.101042 0.095833
2 0.556250 0.920139 0.104167 0.093056
2 0.665625 0.922917 0.101042 0.095833
2 0.898958 0.918750 0.102083 0.095833
