5 0.101042 0.222222 0.077083 0.052778
3 0.215625 0.160417 0.072917 0.176389
5 0.329167 0.214583 0.076042 0.056944
5 0.446875 0.222222 0.071875 0.050000
5 0.556250 0.219444 0.069792 0.058333
4 0.667708 0.188889 0.082292 0.108333
5 0.782292 0.218750 0.075000 0.059722
5 0.906250 0.217361 0.072917 0.051389
4 0.094792 0.444444 0.087500 0.105556
4 0.561458 0.442361 0.085417 0.112500
4 0.672917 0.442361 0.081250 0.112500
4 0.780208 0.440972 0.081250 0.109722
0 0.210417 0.668056 0.059375 0.150000
0 0.322917 0.670833 0.066667 0.147222
0 0.438542 0.665972 0.064583 0.154167
0 0.551042 0.670833 0.063542 0.150000
0 0.788542 0.665972 0.059375 0.154167
5 0.217708 0.943056 0.073958 0.050000
5 0.323958 0.945139 0.069792 0.051389
5 0.439583 0.945833 0.076042 0.050000
5 0.560417 0.938889 0.069792 0.055556
5 0.791667 0.941667 0.072917 0.058333
5 0.903125 0.938194 0.068750 0.056944
