0 0.105208 0.172222 0.065625 0.152778
0 0.219792 0.168056 0.058333 0.158333
2 0.333333 0.193056 0.101042 0.102778
0 0.443750 0.169444 0.062500 0.152778
0 0.562500 0.167361 0.062500 0.154167
0 0.787500 0.166667 0.060417 0.158333
0 0.898958 0.172917 0.061458 0.148611
4 0.097917 0.442361 0.079167 0.109722
4 0.214583 0.439583 0.087500 0.115278
4 0.441667 0.443056 0.082292 0.108333
4 0.563542 0.443750 0.082292 0.106944
4 0.671875 0.434722 0.086458 0.116667
4 0.783333 0.439583 0.087500 0.106944
5 0.102083 0.720833 0.072917 0.050000
5 0.207292 0.715972 0.076042 0.059722
5 0.331250 0.718056 0.071875 0.055556
5 0.552083 0.719444 0.077083 0.050000
5 0.678125 0.723611 0.068750 0.050000
5 0.790625 0.718056 0.068750 0.055556
5 0.904167 0.718750 0.068750 0.051389
2 0.217708 0.920139 0.101042 0.098611
2 0.328125 0.913889 0.106250 0.102778
2 0.439583 0.918750 0.103125 0.095833
4 0.563542 0.912500 0.083333 0.111111
2 0.780208 0.920139 0.102083 0.098611
2 0.897917 0.915972 0.101042 0.101389
