5 0.097917 0.215972 0.076042 0.059722
5 0.208333 0.217361 0.068750 0.059722
5 0.329167 0.222222 0.075000 0.052778
5 0.666667 0.213194 0.077083 0.059722
5 0.781250 0.215278 0.075000 0.055556
5 0.901042 0.215972 0.069792 0.054167
2 0.104167 0.447222 0.100000 0.091667
2 0.218750 0.447917 0.102083 0.098611
2 0.328125 0.445139 0.103125 0.098611
2 0.436458 0.450000 0.105208 0.091667
2 0.563542 0.442361 0.108333 0.101389
2 0.906250 0.447917 0.107292 0.093056
2 0.102083 0.700000 0.101042 0.094444
2 0.218750 0.700694 0.107292 0.093056
2 0.326042 0.699306 0.102083 0.093056
2 0.442708 0.695833 0.100000 0.094444
1 0.666667 0.661806 0.093750 0.170833
2 0.792708 0.695833 0.108333 0.102778
2 0.897917 0.696528 0.105208 0.101389
3 0.102083 0.878472 0.069792 0.184722
3 0.330208 0.877778 0.071875 0.186111
3 0.442708 0.873611 0.073958 0.186111
3 0.667708 0.875694 0.076042 0.179167
3 0.790625 0.879167 0.072917 0.177778
3 0.894792 0.876389 0.072917 0.186111
