5 0.100000 0.215278 0.076042 0.058333
5 0.216667 0.221528 0.071875 0.054167
5 0.321875 0.216667 0.076042 0.058333
5 0.446875 0.223611 0.073958 0.050000
5 0.665625 0.215278 0.068750 0.061111
4 0.782292 0.192361 0.083333 0.106944
5 0.902083 0.222222 0.070833 0.050000
0 0.098958 0.421528 0.066667 0.151389
0 0.214583 0.417361 0.059375 0.156944
0 0.321875 0.415972 0.063542 0.154167
0 0.443750 0.418750 0.059375 0.154167
0 0.668750 0.425000 0.064583 0.147222
0 0.786458 0.420139 0.065625 0.154167
0 0.905208 0.420833 0.061458 0.152778
3 0.443750 0.659028 0.068750 0.179167
3 0.667708 0.651389 0.068750 0.186111
3 0.906250 0.656250 0.073958 0.184722
3 0.096875 0.876389 0.076042 0.183333
3 0.213542 0.878472 0.075000 0.176389
3 0.322917 0.873611 0.070833 0.183333
3 0.446875 0.875000 0.070833 0.186111
3 0.557292 0.879861 0.077083 0.181944
3 0.676042 0.881250 0.071875 0.179167
3 0.780208 0.873611 0.069792 0.186111
3 0.898958 0.876389 0.072917 0.180556
