5 0.096875 0.213889 0.072917 0.058333
5 0.209375 0.218056 0.069792 0.052778
5 0.328125 0.219444 0.071875 0.058333
5 0.441667 0.214583 0.073958 0.059722
5 0.783333 0.216667 0.072917 0.055556
5 0.904167 0.218056 0.075000 0.052778
0 0.095833 0.423611 0.058333 0.147222
3 0.321875 0.401389 0.077083 0.183333
2 0.438542 0.444444 0.105208 0.100000
0 0.556250 0.420833 0.059375 0.152778
0 0.675000 0.422222 0.066667 0.147222
0 0.906250 0.420833 0.064583 0.150000
0 0.105208 0.664583 0.066667 0.156944
0 0.214583 0.668750 0.064583 0.156944
0 0.326042 0.665278 0.058333 0.155556
0 0.443750 0.670833 0.059375 0.147222
0 0.556250 0.665972 0.066667 0.154167
0 0.672917 0.668750 0.062500 0.148611
0 0.785417 0.675000 0.065625 0.147222
0 0.898958 0.668750 0.061458 0.156944
1 0.102083 0.888194 0.094792 0.165278
1 0.217708 0.881944 0.092708 0.166667
1 0.327083 0.880556 0.090625 0.169444
1 0.440625 0.881250 0.089583 0.168056
1 0.559375 0.881944 0.091667 0.169444
1 0.665625 0.882639 0.092708 0.165278
3 0.785417 0.879861 0.076042 0.176389
1 0.907292 0.883333 0.093750 0.163889
