3 0.098958 0.154167 0.070833 0.183333
3 0.322917 0.155556 0.075000 0.177778
3 0.445833 0.152083 0.068750 0.181944
3 0.559375 0.155556 0.072917 0.177778
3 0.670833 0.157639 0.077083 0.179167
0 0.780208 0.172222 0.066667 0.150000
3 0.897917 0.154167 0.077083 0.177778
2 0.093750 0.445139 0.105208 0.098611
2 0.218750 0.441667 0.104167 0.102778
2 0.445833 0.447222 0.107292 0.091667
2 0.560417 0.451389 0.107292 0.091667
2 0.673958 0.446528 0.103125 0.095833
2 0.781250 0.450694 0.101042 0.095833
2 0.902083 0.451389 0.104167 0.094444
3 0.098958 0.654861 0.071875 0.184722
3 0.214583 0.656250 0.069792 0.179167
3 0.333333 0.654167 0.069792 0.180556
2 0.442708 0.699306 0.107292 0.098611
3 0.675000 0.655556 0.070833 0.180556
3 0.780208 0.659722 0.072917 0.177778
3 0.897917 0.655556 0.072917 0.186111
1 0.093750 0.885417 0.097917 0.162500
1 0.215625 0.888889 0.097917 0.163889
1 0.322917 0.884028 0.096875 0.165278
1 0.445833 0.885417 0.092708 0.165278
1 0.551042 0.885417 0.095833 0.165278
1 0.783333 0.880556 0.095833 0.169444
1 0.905208 0.882639 0.092708 0.165278
