5 0.092708 0.215972 0.075000 0.059722
5 0.213542 0.223611 0.071875 0.050000
5 0.328125 0.221528 0.072917 0.051389
5 0.444792 0.222917 0.070833 0.051389
5 0.552083 0.219444 0.069792 0.050000
5 0.667708 0.219444 0.075000 0.058333
5 0.786458 0.218056 0.070833 0.058333
5 0.906250 0.218750 0.076042 0.054167
5 0.101042 0.469444 0.072917 0.058333
5 0.219792 0.470139 0.070833 0.051389
5 0.330208 0.467361 0.075000 0.054167
5 0.444792 0.472222 0.076042 0.052778
5 0.671875 0.464583 0.077083 0.056944
5 0.907292 0.472917 0.077083 0.051389
0 0.096875 0.668750 0.066667 0.148611
0 0.215625 0.668750 0.061458 0.148611
0 0.325000 0.668750 0.063542 0.156944
0 0.437500 0.667361 0.066667 0.156944
0 0.551042 0.669444 0.060417 0.150000
0 0.672917 0.668750 0.059375 0.151389
0 0.792708 0.670139 0.063542 0.148611
3 0.095833 0.881250 0.069792 0.179167
5 0.218750 0.937500 0.069792 0.061111
5 0.331250 0.940278 0.075000 0.052778
5 0.446875 0.939583 0.072917 0.059722
5 0.559375 0.941667 0.077083 0.052778
5 0.673958 0.939583 0.075000 0.056944
5 0.784375 0.937500 0.077083 0.058333
