3 0.104167 0.157639 0.068750 0.181944
3 0.210417 0.151389 0.069792 0.186111
5 0.326042 0.217361 0.069792 0.059722
3 0.439583 0.158333 0.068750 0.180556
3 0.552083 0.157639 0.069792 0.179167
3 0.787500 0.151389 0.075000 0.183333
4 0.900000 0.186806 0.085417 0.112500
2 0.095833 0.445833 0.106250 0.100000
5 0.214583 0.468056 0.075000 0.052778
2 0.440625 0.447222 0.104167 0.094444
2 0.561458 0.445833 0.105208 0.097222
2 0.675000 0.447917 0.108333 0.101389
2 0.784375 0.444444 0.101042 0.100000
2 0.896875 0.445139 0.104167 0.101389
1 0.105208 0.663889 0.092708 0.161111
1 0.212500 0.665278 0.095833 0.161111
1 0.327083 0.661806 0.093750 0.170833
1 0.441667 0.663889 0.092708 0.169444
1 0.563542 0.658333 0.097917 0.169444
1 0.791667 0.656944 0.089583 0.172222
1 0.904167 0.659722 0.091667 0.169444
3 0.095833 0.877083 0.070833 0.176389
3 0.209375 0.879167 0.069792 0.180556
3 0.325000 0.877083 0.077083 0.179167
3 0.443750 0.883333 0.071875 0.175000
3 0.559375 0.877778 0.068750 0.175000
3 0.670833 0.882639 0.069792 0.176389
3 0.791667 0.876389 0.073958 0.180556
3 0.895833 0.881944 0.076042 0.175000
