3 0.097917 0.157639 0.068750 0.181944
5 0.207292 0.216667 0.070833 0.058333
3 0.333333 0.152083 0.077083 0.184722
3 0.441667 0.153472 0.069792 0.179167
3 0.562500 0.154861 0.070833 0.184722
0 0.666667 0.174306 0.065625 0.148611
3 0.894792 0.154167 0.070833 0.177778
0 0.095833 0.418750 0.063542 0.151389
0 0.208333 0.419444 0.059375 0.155556
0 0.321875 0.418750 0.064583 0.156944
0 0.437500 0.421528 0.059375 0.148611
0 0.670833 0.421528 0.065625 0.148611
0 0.782292 0.418056 0.061458 0.155556
0 0.902083 0.417361 0.064583 0.151389
5 0.103125 0.718750 0.068750 0.056944
3 0.207292 0.656944 0.072917 0.175000
3 0.329167 0.659028 0.072917 0.179167
2 0.448958 0.697222 0.108333 0.100000
3 0.562500 0.658333 0.077083 0.177778
3 0.673958 0.653472 0.075000 0.184722
3 0.790625 0.660417 0.071875 0.176389
3 0.897917 0.657639 0.072917 0.176389
5 0.102083 0.935417 0.068750 0.059722
5 0.210417 0.936806 0.073958 0.056944
5 0.323958 0.943750 0.072917 0.051389
5 0.558333 0.937500 0.073958 0.058333
5 0.666667 0.940972 0.070833 0.056944
5 0.782292 0.940278 0.075000 0.055556
5 0.896875 0.941667 0.070833 0.050000
