5 0.102083 0.220833 0.072917 0.052778
5 0.210417 0.221528 0.076042 0.054167
5 0.332292 0.220833 0.071875 0.052778
5 0.438542 0.215972 0.070833 0.054167
5 0.555208 0.221528 0.071875 0.054167
5 0.666667 0.220139 0.070833 0.051389
5 0.782292 0.218750 0.076042 0.054167
5 0.895833 0.217361 0.076042 0.054167
0 0.100000 0.420833 0.060417 0.152778
0 0.334375 0.422222 0.058333 0.147222
0 0.557292 0.425000 0.062500 0.147222
0 0.790625 0.419444 0.061458 0.147222
0 0.904167 0.423611 0.060417 0.150000
1 0.217708 0.662500 0.089583 0.166667
1 0.321875 0.664583 0.093750 0.165278
1 0.445833 0.663889 0.090625 0.163889
1 0.558333 0.663889 0.097917 0.169444
1 0.671875 0.658333 0.096875 0.172222
1 0.791667 0.658333 0.094792 0.169444
1 0.907292 0.660417 0.094792 0.168056
5 0.098958 0.939583 0.071875 0.051389
5 0.219792 0.935417 0.073958 0.059722
5 0.446875 0.940278 0.070833 0.061111
5 0.555208 0.943056 0.073958 0.052778
5 0.670833 0.939583 0.077083 0.056944
5 0.789583 0.936111 0.068750 0.058333
5 0.898958 0.937500 0.072917 0.061111
