5 0.092708 0.219444 0.071875 0.058333
5 0.211458 0.214583 0.069792 0.059722
5 0.322917 0.216667 0.077083 0.061111
5 0.442708 0.218056 0.072917 0.052778
5 0.670833 0.218056 0.073958 0.058333
5 0.784375 0.220139 0.077083 0.054167
5 0.900000 0.219444 0.073958 0.055556
1 0.102083 0.414583 0.090625 0.168056
1 0.209375 0.411111 0.094792 0.169444
1 0.323958 0.416667 0.095833 0.161111
1 0.446875 0.411806 0.096875 0.165278
0 0.558333 0.420833 0.058333 0.152778
1 0.665625 0.412500 0.095833 0.172222
1 0.783333 0.412500 0.094792 0.163889
1 0.900000 0.413194 0.095833 0.162500
2 0.214583 0.696528 0.105208 0.101389
2 0.334375 0.700000 0.108333 0.091667
2 0.562500 0.702083 0.102083 0.093056
2 0.672917 0.697222 0.103125 0.102778
2 0.784375 0.700000 0.100000 0.097222
2 0.902083 0.693750 0.104167 0.098611
2 0.092708 0.919444 0.100000 0.097222
2 0.218750 0.922222 0.105208 0.091667
2 0.329167 0.920833 0.108333 0.097222
2 0.558333 0.919444 0.106250 0.091667
2 0.668750 0.919444 0.106250 0.097222
2 0.789583 0.918750 0.107292 0.098611
2 0.905208 0.915972 0.108333 0.101389
