2 0.095833 0.194444 0.100000 0.097222
2 0.218750 0.195833 0.106250 0.100000
2 0.325000 0.196528 0.106250 0.093056
2 0.447917 0.202778 0.103125 0.091667
2 0.562500 0.198611 0.107292 0.094444
2 0.672917 0.196528 0.105208 0.093056
2 0.781250 0.199306 0.101042 0.095833
2 0.894792 0.197222 0.108333 0.091667
0 0.102083 0.419444 0.065625 0.152778
0 0.214583 0.415972 0.063542 0.156944
1 0.331250 0.411111 0.091667 0.169444
0 0.437500 0.420833 0.062500 0.155556
0 0.563542 0.416667 0.066667 0.158333
0 0.668750 0.413889 0.059375 0.158333
0 0.789583 0.423611 0.061458 0.147222
0 0.903125 0.420139 0.066667 0.148611
1 0.092708 0.663194 0.091667 0.168056
1 0.332292 0.663194 0.093750 0.168056
1 0.555208 0.662500 0.096875 0.161111
1 0.668750 0.664583 0.094792 0.168056
1 0.898958 0.663889 0.093750 0.169444
4 0.092708 0.911806 0.079167 0.115278
4 0.209375 0.916667 0.081250 0.108333
4 0.440625 0.915972 0.081250 0.109722
4 0.553125 0.913889 0.082292 0.108333
2 0.669792 0.915278 0.100000 0.100000
3 0.904167 0.880556 0.069792 0.180556
