3 0.105208 0.156250 0.068750 0.184722
2 0.216667 0.201389 0.102083 0.091667
2 0.331250 0.200000 0.100000 0.091667
2 0.438542 0.197222 0.104167 0.094444
3 0.551042 0.156250 0.070833 0.181944
2 0.665625 0.199306 0.107292 0.098611
5 0.786458 0.215972 0.072917 0.054167
2 0.906250 0.195139 0.106250 0.095833
1 0.097917 0.413194 0.094792 0.170833
1 0.208333 0.413889 0.096875 0.161111
1 0.553125 0.412500 0.097917 0.163889
1 0.668750 0.413889 0.091667 0.163889
2 0.783333 0.445833 0.104167 0.094444
1 0.894792 0.412500 0.096875 0.169444
0 0.092708 0.674306 0.060417 0.148611
0 0.210417 0.669444 0.061458 0.147222
0 0.328125 0.673611 0.058333 0.150000
0 0.442708 0.668750 0.059375 0.156944
0 0.556250 0.669444 0.064583 0.158333
0 0.670833 0.670833 0.060417 0.155556
0 0.786458 0.672222 0.065625 0.152778
0 0.901042 0.665972 0.063542 0.156944
5 0.095833 0.943750 0.068750 0.051389
5 0.208333 0.936111 0.070833 0.061111
5 0.333333 0.938889 0.072917 0.058333
2 0.557292 0.922222 0.107292 0.094444
0 0.668750 0.891667 0.060417 0.147222
5 0.905208 0.940278 0.068750 0.050000
