2 0.105208 0.195139 0.101042 0.098611
2 0.214583 0.197917 0.102083 0.101389
2 0.328125 0.191667 0.108333 0.102778
2 0.552083 0.200694 0.107292 0.093056
2 0.665625 0.198611 0.104167 0.100000
2 0.785417 0.191667 0.101042 0.102778
2 0.902083 0.193056 0.100000 0.100000
5 0.209375 0.464583 0.069792 0.056944
5 0.332292 0.464583 0.076042 0.059722
5 0.555208 0.470139 0.068750 0.056944
5 0.670833 0.465278 0.071875 0.055556
5 0.786458 0.465972 0.075000 0.059722
5 0.906250 0.471528 0.072917 0.051389
4 0.096875 0.691667 0.084375 0.111111
2 0.217708 0.694444 0.106250 0.097222
4 0.323958 0.695833 0.081250 0.105556
4 0.560417 0.691667 0.085417 0.105556
1 0.671875 0.661806 0.097917 0.168056
4 0.898958 0.692361 0.087500 0.106944
5 0.093750 0.943056 0.069792 0.052778
5 0.218750 0.936806 0.073958 0.056944
5 0.330208 0.938194 0.070833 0.056944
5 0.445833 0.937500 0.073958 0.061111
2 0.559375 0.918750 0.106250 0.101389
3 0.782292 0.879861 0.077083 0.181944
5 0.896875 0.937500 0.069792 0.061111
