0 0.103125 0.165278 0.058333 0.155556
3 0.216667 0.151389 0.069792 0.186111
3 0.334375 0.151389 0.075000 0.183333
3 0.444792 0.153472 0.077083 0.184722
3 0.553125 0.157639 0.075000 0.176389
3 0.673958 0.160417 0.075000 0.176389
3 0.907292 0.160417 0.070833 0.176389
3 0.103125 0.404861 0.068750 0.179167
3 0.213542 0.404861 0.076042 0.181944
3 0.329167 0.406944 0.070833 0.175000
3 0.439583 0.406250 0.072917 0.176389
3 0.556250 0.404861 0.070833 0.181944
3 0.666667 0.404167 0.069792 0.180556
3 0.783333 0.406250 0.075000 0.176389
5 0.895833 0.467361 0.071875 0.051389
1 0.104167 0.663194 0.095833 0.170833
1 0.218750 0.660417 0.092708 0.168056
4 0.446875 0.688194 0.087500 0.109722
1 0.554167 0.667361 0.089583 0.162500
0 0.673958 0.673611 0.066667 0.150000
1 0.790625 0.664583 0.092708 0.168056
1 0.894792 0.659722 0.097917 0.172222
3 0.092708 0.876389 0.075000 0.186111
3 0.211458 0.876389 0.072917 0.183333
3 0.330208 0.877778 0.075000 0.180556
3 0.790625 0.879167 0.070833 0.177778
