1 0.098958 0.162500 0.094792 0.172222
1 0.208333 0.164583 0.097917 0.165278
1 0.327083 0.161806 0.092708 0.162500
1 0.441667 0.161111 0.091667 0.169444
1 0.553125 0.159722 0.089583 0.169444
1 0.675000 0.156944 0.096875 0.172222
1 0.791667 0.166667 0.089583 0.161111
1 0.907292 0.163889 0.097917 0.166667
0 0.097917 0.417361 0.065625 0.154167
0 0.214583 0.422917 0.065625 0.151389
0 0.327083 0.422222 0.066667 0.152778
0 0.444792 0.418056 0.062500 0.158333
3 0.667708 0.406250 0.075000 0.176389
0 0.906250 0.415972 0.058333 0.154167
1 0.103125 0.661111 0.097917 0.172222
3 0.213542 0.656944 0.068750 0.183333
1 0.331250 0.666667 0.096875 0.163889
1 0.446875 0.661111 0.093750 0.172222
1 0.556250 0.661806 0.095833 0.170833
1 0.670833 0.663194 0.092708 0.168056
1 0.781250 0.663194 0.091667 0.165278
1 0.900000 0.663889 0.096875 0.161111
4 0.096875 0.909722 0.082292 0.116667
4 0.208333 0.914583 0.082292 0.106944
4 0.325000 0.913889 0.080208 0.108333
4 0.448958 0.913889 0.084375 0.113889
4 0.551042 0.908333 0.086458 0.116667
4 0.672917 0.913889 0.083333 0.113889
4 0.780208 0.909722 0.085417 0.111111
4 0.905208 0.908333 0.086458 0.116667
