4 0.100000 0.191667 0.086458 0.111111
4 0.207292 0.191667 0.081250 0.105556
4 0.326042 0.192361 0.081250 0.109722
4 0.448958 0.193750 0.081250 0.106944
4 0.552083 0.190278 0.085417 0.105556
4 0.677083 0.191667 0.087500 0.108333
4 0.785417 0.187500 0.082292 0.116667
1 0.897917 0.163889 0.097917 0.169444
0 0.102083 0.422222 0.062500 0.152778
3 0.209375 0.409028 0.073958 0.179167
3 0.329167 0.411111 0.076042 0.175000
3 0.436458 0.401389 0.077083 0.183333
3 0.555208 0.406250 0.071875 0.179167
3 0.792708 0.402778 0.073958 0.180556
3 0.905208 0.406944 0.069792 0.180556
0 0.094792 0.663889 0.061458 0.158333
0 0.213542 0.668056 0.065625 0.158333
0 0.448958 0.668750 0.063542 0.156944
0 0.555208 0.670139 0.064583 0.148611
0 0.782292 0.672917 0.064583 0.151389
0 0.906250 0.670833 0.066667 0.150000
4 0.103125 0.910417 0.081250 0.115278
4 0.322917 0.916667 0.085417 0.105556
4 0.447917 0.918056 0.079167 0.105556
4 0.553125 0.912500 0.084375 0.113889
4 0.665625 0.911111 0.084375 0.111111
4 0.787500 0.913194 0.080208 0.109722
4 0.900000 0.909722 0.084375 0.113889
