2 0.092708 0.191667 0.100000 0.102778
2 0.211458 0.192361 0.100000 0.101389
0 0.436458 0.168056 0.060417 0.158333
2 0.557292 0.201389 0.102083 0.094444
2 0.668750 0.193056 0.108333 0.100000
2 0.792708 0.198611 0.105208 0.097222
2 0.894792 0.198611 0.105208 0.097222
4 0.093750 0.443750 0.079167 0.106944
4 0.210417 0.435417 0.087500 0.115278
4 0.327083 0.440972 0.082292 0.106944
4 0.436458 0.444444 0.081250 0.108333
4 0.560417 0.438194 0.083333 0.109722
4 0.678125 0.440278 0.083333 0.105556
4 0.787500 0.440972 0.085417 0.115278
4 0.896875 0.438889 0.079167 0.116667
2 0.102083 0.698611 0.101042 0.100000
2 0.217708 0.691667 0.101042 0.102778
2 0.436458 0.696528 0.107292 0.101389
2 0.561458 0.697917 0.104167 0.101389
2 0.670833 0.697222 0.101042 0.097222
2 0.782292 0.700000 0.102083 0.091667
2 0.896875 0.696528 0.105208 0.098611
2 0.094792 0.919444 0.100000 0.097222
2 0.218750 0.921528 0.101042 0.095833
2 0.326042 0.922917 0.104167 0.093056
2 0.448958 0.921528 0.104167 0.098611
2 0.673958 0.918750 0.107292 0.098611
2 0.789583 0.921528 0.102083 0.098611
2 0.904167 0.919444 0.100000 0.100000
