5 0.098958 0.219444 0.068750 0.058333
5 0.207292 0.221528 0.075000 0.054167
5 0.322917 0.218056 0.076042 0.052778
5 0.448958 0.220833 0.068750 0.050000
5 0.557292 0.212500 0.071875 0.061111
5 0.678125 0.220139 0.069792 0.054167
5 0.791667 0.214583 0.068750 0.056944
5 0.900000 0.215972 0.076042 0.054167
4 0.098958 0.440972 0.083333 0.106944
4 0.213542 0.442361 0.082292 0.109722
4 0.332292 0.440972 0.080208 0.115278
4 0.439583 0.439583 0.087500 0.106944
0 0.552083 0.416667 0.063542 0.158333
4 0.668750 0.440278 0.085417 0.108333
4 0.788542 0.441667 0.086458 0.113889
4 0.903125 0.438194 0.083333 0.112500
1 0.095833 0.660417 0.092708 0.165278
5 0.210417 0.719444 0.075000 0.052778
1 0.332292 0.666667 0.090625 0.163889
1 0.438542 0.659028 0.091667 0.168056
1 0.555208 0.665972 0.093750 0.162500
1 0.676042 0.665278 0.096875 0.161111
1 0.784375 0.663194 0.094792 0.162500
1 0.896875 0.666667 0.091667 0.163889
3 0.217708 0.878472 0.068750 0.176389
0 0.330208 0.893750 0.062500 0.148611
3 0.442708 0.874306 0.075000 0.181944
3 0.557292 0.879861 0.072917 0.181944
3 0.668750 0.879167 0.069792 0.177778
3 0.784375 0.877778 0.070833 0.175000
3 0.894792 0.876389 0.072917 0.177778
