0 0.100000 0.170833 0.058333 0.147222
0 0.211458 0.166667 0.062500 0.152778
0 0.328125 0.170833 0.064583 0.150000
0 0.436458 0.168056 0.059375 0.155556
0 0.558333 0.175000 0.063542 0.147222
0 0.676042 0.171528 0.066667 0.151389
0 0.905208 0.166667 0.061458 0.152778
5 0.098958 0.463194 0.076042 0.059722
4 0.213542 0.443750 0.087500 0.109722
3 0.321875 0.404167 0.073958 0.180556
3 0.554167 0.404167 0.068750 0.177778
3 0.678125 0.402083 0.073958 0.181944
3 0.782292 0.405556 0.071875 0.177778
3 0.104167 0.656250 0.068750 0.179167
3 0.207292 0.654167 0.068750 0.177778
3 0.334375 0.655556 0.072917 0.180556
3 0.444792 0.660417 0.070833 0.176389
3 0.556250 0.651389 0.068750 0.183333
3 0.676042 0.651389 0.070833 0.186111
3 0.790625 0.653472 0.073958 0.179167
3 0.896875 0.659722 0.073958 0.175000
0 0.105208 0.890278 0.066667 0.152778
0 0.217708 0.893056 0.058333 0.152778
0 0.331250 0.891667 0.061458 0.155556
0 0.556250 0.889583 0.058333 0.156944
0 0.665625 0.886806 0.064583 0.156944
0 0.904167 0.888889 0.062500 0.152778
