3 0.094792 0.156944 0.068750 0.177778
3 0.216667 0.154167 0.068750 0.183333
3 0.329167 0.150000 0.071875 0.186111
3 0.442708 0.159722 0.068750 0.175000
3 0.551042 0.153472 0.071875 0.179167
3 0.677083 0.161111 0.075000 0.175000
3 0.785417 0.156250 0.071875 0.184722
3 0.906250 0.157639 0.068750 0.181944
3 0.214583 0.408333 0.068750 0.177778
0 0.322917 0.425000 0.063542 0.147222
3 0.448958 0.400000 0.077083 0.186111
1 0.559375 0.413889 0.097917 0.163889
3 0.677083 0.403472 0.068750 0.181944
3 0.783333 0.407639 0.068750 0.176389
3 0.104167 0.658333 0.073958 0.175000
3 0.207292 0.652778 0.069792 0.186111
3 0.440625 0.650694 0.068750 0.184722
3 0.563542 0.654861 0.071875 0.179167
3 0.668750 0.656250 0.072917 0.184722
3 0.783333 0.659722 0.073958 0.177778
3 0.895833 0.652083 0.068750 0.184722
3 0.103125 0.879167 0.069792 0.177778
3 0.213542 0.878472 0.072917 0.179167
3 0.333333 0.879861 0.072917 0.181944
3 0.445833 0.875000 0.068750 0.186111
3 0.558333 0.877778 0.069792 0.186111
3 0.668750 0.876389 0.068750 0.177778
3 0.790625 0.873611 0.077083 0.186111
