4 0.101042 0.190278 0.082292 0.108333
4 0.213542 0.193750 0.080208 0.106944
4 0.329167 0.188889 0.082292 0.108333
4 0.438542 0.189583 0.086458 0.106944
4 0.557292 0.188889 0.087500 0.113889
4 0.675000 0.192361 0.084375 0.112500
4 0.790625 0.190278 0.086458 0.113889
4 0.896875 0.189583 0.087500 0.106944
2 0.095833 0.449306 0.104167 0.093056
2 0.211458 0.445833 0.108333 0.100000
5 0.330208 0.466667 0.071875 0.058333
2 0.443750 0.448611 0.104167 0.097222
2 0.561458 0.447917 0.101042 0.095833
2 0.675000 0.447222 0.102083 0.091667
1 0.906250 0.412500 0.093750 0.169444
2 0.098958 0.696528 0.101042 0.101389
2 0.219792 0.693750 0.101042 0.098611
2 0.332292 0.691667 0.107292 0.102778
2 0.561458 0.691667 0.103125 0.102778
2 0.669792 0.699306 0.103125 0.095833
2 0.788542 0.697917 0.103125 0.093056
2 0.901042 0.700000 0.102083 0.091667
3 0.096875 0.879861 0.072917 0.179167
3 0.219792 0.879861 0.071875 0.176389
3 0.327083 0.872917 0.070833 0.184722
3 0.446875 0.875000 0.076042 0.183333
3 0.559375 0.880556 0.075000 0.175000
3 0.665625 0.877778 0.075000 0.180556
3 0.789583 0.877083 0.075000 0.179167
3 0.904167 0.881944 0.073958 0.177778
