3 0.094792 0.159028 0.077083 0.176389
3 0.217708 0.152778 0.075000 0.186111
3 0.442708 0.160417 0.072917 0.176389
3 0.553125 0.154861 0.073958 0.181944
3 0.677083 0.154861 0.068750 0.181944
3 0.785417 0.156250 0.069792 0.176389
2 0.216667 0.447222 0.106250 0.100000
2 0.329167 0.452778 0.100000 0.091667
2 0.448958 0.447917 0.104167 0.093056
2 0.554167 0.452778 0.107292 0.091667
2 0.093750 0.702778 0.107292 0.091667
2 0.209375 0.694444 0.100000 0.102778
2 0.323958 0.695139 0.104167 0.095833
2 0.445833 0.696528 0.102083 0.095833
2 0.563542 0.700694 0.103125 0.095833
2 0.678125 0.695833 0.101042 0.094444
2 0.790625 0.696528 0.101042 0.098611
2 0.901042 0.695833 0.107292 0.100000
2 0.095833 0.916667 0.106250 0.102778
2 0.216667 0.920139 0.105208 0.101389
2 0.332292 0.915972 0.106250 0.101389
2 0.443750 0.924306 0.100000 0.093056
2 0.559375 0.915972 0.102083 0.101389
2 0.668750 0.916667 0.106250 0.102778
2 0.785417 0.915278 0.100000 0.100000
2 0.901042 0.919444 0.102083 0.094444
