0 0.094792 0.170833 0.065625 0.150000
0 0.207292 0.169444 0.064583 0.155556
0 0.333333 0.168750 0.066667 0.151389
0 0.442708 0.172222 0.063542 0.150000
0 0.557292 0.168750 0.065625 0.154167
0 0.789583 0.170833 0.063542 0.147222
1 0.897917 0.163889 0.097917 0.161111
1 0.100000 0.411111 0.096875 0.166667
1 0.216667 0.409722 0.095833 0.172222
1 0.333333 0.411806 0.091667 0.165278
1 0.438542 0.413194 0.089583 0.170833
1 0.665625 0.412500 0.090625 0.172222
0 0.786458 0.418750 0.061458 0.151389
1 0.902083 0.413889 0.091667 0.163889
3 0.094792 0.655556 0.076042 0.177778
3 0.216667 0.656944 0.069792 0.183333
3 0.322917 0.659028 0.073958 0.176389
3 0.552083 0.653472 0.072917 0.181944
5 0.670833 0.714583 0.073958 0.059722
3 0.790625 0.654861 0.076042 0.176389
3 0.896875 0.652083 0.068750 0.184722
4 0.105208 0.916667 0.084375 0.105556
4 0.214583 0.912500 0.080208 0.113889
4 0.328125 0.907639 0.085417 0.115278
4 0.440625 0.913194 0.084375 0.106944
4 0.560417 0.909722 0.081250 0.111111
4 0.677083 0.912500 0.086458 0.111111
4 0.897917 0.913194 0.080208 0.115278
