5 0.212500 0.220139 0.069792 0.051389
5 0.328125 0.218056 0.068750 0.055556
5 0.444792 0.212500 0.070833 0.061111
5 0.665625 0.215278 0.072917 0.061111
5 0.782292 0.214583 0.071875 0.056944
5 0.894792 0.222917 0.069792 0.051389
0 0.104167 0.418056 0.064583 0.155556
0 0.329167 0.421528 0.066667 0.154167
0 0.559375 0.420139 0.060417 0.151389
0 0.786458 0.420833 0.061458 0.152778
0 0.903125 0.416667 0.058333 0.152778
5 0.098958 0.715278 0.076042 0.055556
5 0.332292 0.715972 0.075000 0.054167
5 0.445833 0.717361 0.076042 0.054167
5 0.557292 0.717361 0.072917 0.059722
2 0.666667 0.700000 0.101042 0.091667
5 0.790625 0.714583 0.069792 0.059722
0 0.902083 0.666667 0.061458 0.158333
0 0.095833 0.889583 0.059375 0.156944
0 0.213542 0.895139 0.060417 0.148611
0 0.325000 0.890972 0.063542 0.154167
0 0.444792 0.897222 0.066667 0.147222
0 0.557292 0.896528 0.064583 0.148611
2 0.678125 0.918750 0.108333 0.093056
0 0.785417 0.891667 0.062500 0.155556
0 0.897917 0.894444 0.065625 0.150000
