0 0.095833 0.170833 0.061458 0.147222
0 0.211458 0.164583 0.064583 0.156944
0 0.328125 0.172222 0.061458 0.147222
0 0.440625 0.168750 0.058333 0.151389
0 0.559375 0.171528 0.059375 0.154167
0 0.665625 0.168750 0.064583 0.156944
0 0.790625 0.171528 0.059375 0.151389
1 0.904167 0.158333 0.090625 0.169444
2 0.095833 0.447917 0.102083 0.095833
2 0.213542 0.450000 0.101042 0.091667
2 0.328125 0.450000 0.105208 0.097222
0 0.559375 0.419444 0.059375 0.150000
2 0.668750 0.450000 0.107292 0.091667
3 0.780208 0.406250 0.068750 0.179167
2 0.896875 0.449306 0.104167 0.093056
0 0.102083 0.666667 0.061458 0.158333
0 0.219792 0.668750 0.066667 0.156944
2 0.327083 0.700000 0.103125 0.097222
0 0.439583 0.670833 0.061458 0.147222
0 0.563542 0.670139 0.065625 0.154167
0 0.665625 0.669444 0.062500 0.158333
0 0.780208 0.668056 0.063542 0.155556
4 0.105208 0.913889 0.084375 0.111111
4 0.326042 0.912500 0.086458 0.113889
4 0.438542 0.909028 0.087500 0.115278
4 0.560417 0.910417 0.079167 0.109722
4 0.671875 0.916667 0.085417 0.105556
4 0.787500 0.906944 0.085417 0.116667
4 0.904167 0.915972 0.079167 0.109722
