3 0.096875 0.153472 0.072917 0.184722
3 0.214583 0.156250 0.076042 0.176389
3 0.323958 0.156944 0.068750 0.180556
3 0.440625 0.158333 0.073958 0.175000
3 0.562500 0.151389 0.073958 0.186111
3 0.677083 0.157639 0.069792 0.179167
3 0.780208 0.159722 0.075000 0.177778
3 0.898958 0.155556 0.073958 0.177778
5 0.098958 0.468056 0.069792 0.055556
5 0.211458 0.467361 0.073958 0.054167
5 0.333333 0.465278 0.070833 0.058333
5 0.437500 0.464583 0.073958 0.056944
5 0.558333 0.469444 0.073958 0.052778
5 0.669792 0.468056 0.068750 0.061111
3 0.784375 0.403472 0.071875 0.179167
5 0.901042 0.470833 0.071875 0.052778
1 0.104167 0.661806 0.096875 0.170833
1 0.208333 0.662500 0.097917 0.172222
1 0.331250 0.661111 0.096875 0.166667
1 0.442708 0.664583 0.090625 0.165278
1 0.559375 0.661111 0.095833 0.169444
1 0.668750 0.658333 0.096875 0.172222
1 0.787500 0.665972 0.092708 0.162500
1 0.897917 0.658333 0.097917 0.172222
5 0.093750 0.944444 0.077083 0.050000
5 0.215625 0.938889 0.075000 0.052778
5 0.322917 0.938194 0.073958 0.054167
5 0.443750 0.938194 0.069792 0.056944
5 0.551042 0.941667 0.075000 0.058333
5 0.665625 0.937500 0.072917 0.058333
5 0.782292 0.941667 0.077083 0.052778
5 0.900000 0.938194 0.069792 0.054167
