4 0.100000 0.188889 0.086458 0.108333
3 0.211458 0.156944 0.073958 0.175000
4 0.329167 0.193750 0.080208 0.106944
4 0.438542 0.190278 0.083333 0.116667
4 0.553125 0.188194 0.081250 0.115278
4 0.669792 0.192361 0.084375 0.112500
4 0.780208 0.188194 0.081250 0.109722
4 0.894792 0.192361 0.083333 0.112500
1 0.098958 0.413889 0.097917 0.169444
1 0.210417 0.413889 0.090625 0.166667
1 0.333333 0.415278 0.091667 0.161111
1 0.436458 0.411806 0.090625 0.162500
3 0.560417 0.408333 0.076042 0.177778
1 0.672917 0.410417 0.095833 0.168056
1 0.906250 0.409722 0.097917 0.172222
5 0.101042 0.721528 0.071875 0.054167
5 0.214583 0.719444 0.076042 0.050000
5 0.332292 0.712500 0.071875 0.061111
5 0.562500 0.716667 0.077083 0.058333
5 0.677083 0.718056 0.072917 0.058333
5 0.791667 0.717361 0.073958 0.054167
1 0.905208 0.663889 0.094792 0.169444
5 0.096875 0.943750 0.076042 0.051389
5 0.214583 0.943056 0.071875 0.052778
5 0.332292 0.936111 0.068750 0.061111
5 0.555208 0.939583 0.073958 0.056944
5 0.675000 0.941667 0.076042 0.050000
5 0.781250 0.945139 0.070833 0.051389
5 0.902083 0.942361 0.070833 0.056944
