4 0.095833 0.190278 0.085417 0.113889
4 0.208333 0.188889 0.086458 0.111111
4 0.437500 0.192361 0.081250 0.109722
4 0.556250 0.195833 0.086458 0.105556
4 0.667708 0.195139 0.081250 0.106944
4 0.783333 0.191667 0.082292 0.108333
4 0.906250 0.188889 0.082292 0.116667
1 0.097917 0.412500 0.092708 0.172222
1 0.212500 0.410417 0.093750 0.170833
1 0.328125 0.409028 0.095833 0.170833
1 0.440625 0.406944 0.093750 0.172222
1 0.563542 0.411806 0.094792 0.162500
1 0.672917 0.412500 0.097917 0.161111
1 0.780208 0.408333 0.092708 0.169444
1 0.895833 0.407639 0.096875 0.170833
1 0.092708 0.666667 0.091667 0.163889
1 0.323958 0.663889 0.089583 0.166667
1 0.443750 0.660417 0.097917 0.165278
1 0.563542 0.666667 0.089583 0.161111
1 0.665625 0.658333 0.089583 0.169444
1 0.780208 0.665278 0.091667 0.163889
1 0.901042 0.661111 0.092708 0.172222
0 0.092708 0.892361 0.064583 0.154167
0 0.322917 0.893056 0.063542 0.147222
0 0.440625 0.890278 0.066667 0.150000
0 0.552083 0.889583 0.063542 0.156944
0 0.668750 0.891667 0.066667 0.147222
0 0.782292 0.894444 0.059375 0.147222
0 0.906250 0.895139 0.058333 0.151389
