5 0.100000 0.219444 0.073958 0.058333
5 0.214583 0.218750 0.070833 0.056944
5 0.327083 0.221528 0.071875 0.054167
3 0.563542 0.153472 0.077083 0.179167
5 0.670833 0.213889 0.076042 0.061111
5 0.894792 0.221528 0.077083 0.054167
0 0.101042 0.418750 0.064583 0.154167
2 0.218750 0.443750 0.106250 0.098611
5 0.331250 0.464583 0.068750 0.056944
0 0.559375 0.420139 0.059375 0.148611
0 0.671875 0.423611 0.064583 0.150000
0 0.781250 0.418750 0.065625 0.156944
0 0.906250 0.422222 0.062500 0.150000
5 0.104167 0.712500 0.077083 0.061111
5 0.207292 0.715972 0.076042 0.059722
5 0.323958 0.716667 0.073958 0.058333
5 0.446875 0.716667 0.077083 0.061111
5 0.559375 0.720139 0.069792 0.054167
1 0.668750 0.664583 0.089583 0.162500
5 0.790625 0.712500 0.070833 0.061111
5 0.905208 0.715278 0.077083 0.058333
1 0.092708 0.888194 0.092708 0.165278
1 0.217708 0.886111 0.093750 0.169444
1 0.326042 0.886806 0.089583 0.168056
1 0.563542 0.888889 0.092708 0.161111
1 0.671875 0.886111 0.097917 0.166667
1 0.906250 0.885417 0.089583 0.165278
