4 0.096875 0.192361 0.082292 0.106944
4 0.207292 0.187500 0.079167 0.111111
4 0.332292 0.190278 0.087500 0.105556
4 0.447917 0.190972 0.086458 0.112500
4 0.554167 0.189583 0.079167 0.106944
4 0.784375 0.193056 0.082292 0.108333
4 0.907292 0.187500 0.083333 0.113889
0 0.097917 0.417361 0.064583 0.151389
0 0.325000 0.417361 0.065625 0.156944
0 0.443750 0.418750 0.064583 0.148611
0 0.551042 0.422917 0.059375 0.148611
0 0.678125 0.414583 0.064583 0.156944
0 0.788542 0.420139 0.064583 0.154167
0 0.896875 0.417361 0.066667 0.154167
3 0.100000 0.655556 0.077083 0.175000
3 0.211458 0.658333 0.068750 0.177778
3 0.322917 0.660417 0.073958 0.176389
3 0.443750 0.654167 0.072917 0.186111
3 0.552083 0.656250 0.073958 0.179167
3 0.668750 0.654861 0.075000 0.184722
3 0.784375 0.655556 0.075000 0.180556
3 0.900000 0.650000 0.076042 0.186111
0 0.102083 0.890972 0.063542 0.154167
0 0.327083 0.894444 0.062500 0.150000
0 0.560417 0.889583 0.061458 0.151389
0 0.676042 0.888194 0.059375 0.154167
0 0.780208 0.893056 0.061458 0.147222
0 0.901042 0.893056 0.064583 0.152778
