4 0.092708 0.188889 0.083333 0.113889
4 0.212500 0.184722 0.081250 0.116667
4 0.326042 0.191667 0.082292 0.113889
4 0.444792 0.191667 0.082292 0.111111
4 0.557292 0.191667 0.081250 0.111111
0 0.669792 0.168750 0.059375 0.148611
4 0.791667 0.192361 0.081250 0.109722
4 0.896875 0.188194 0.079167 0.112500
4 0.097917 0.441667 0.079167 0.108333
4 0.217708 0.436806 0.085417 0.112500
4 0.448958 0.439583 0.080208 0.115278
4 0.559375 0.445833 0.087500 0.105556
4 0.672917 0.442361 0.083333 0.106944
4 0.790625 0.440278 0.081250 0.113889
4 0.906250 0.441667 0.082292 0.113889
4 0.097917 0.692361 0.080208 0.112500
4 0.332292 0.694444 0.081250 0.105556
0 0.437500 0.668750 0.059375 0.156944
4 0.557292 0.690972 0.085417 0.109722
4 0.787500 0.686111 0.079167 0.113889
4 0.896875 0.687500 0.087500 0.111111
5 0.098958 0.940278 0.077083 0.058333
5 0.212500 0.941667 0.068750 0.055556
5 0.334375 0.940278 0.076042 0.055556
1 0.440625 0.885417 0.092708 0.168056
5 0.552083 0.944444 0.072917 0.050000
5 0.667708 0.938889 0.075000 0.052778
5 0.787500 0.940278 0.076042 0.058333
5 0.895833 0.940278 0.075000 0.050000
