0 0.101042 0.171528 0.064583 0.151389
0 0.214583 0.174306 0.058333 0.148611
0 0.332292 0.169444 0.063542 0.155556
0 0.436458 0.165278 0.061458 0.158333
0 0.557292 0.168056 0.065625 0.152778
0 0.672917 0.166667 0.065625 0.152778
0 0.784375 0.170833 0.059375 0.147222
5 0.102083 0.469444 0.076042 0.055556
2 0.219792 0.450000 0.106250 0.091667
2 0.330208 0.446528 0.101042 0.093056
2 0.554167 0.445833 0.107292 0.100000
2 0.667708 0.444444 0.108333 0.102778
2 0.792708 0.445139 0.108333 0.095833
2 0.904167 0.441667 0.103125 0.102778
1 0.092708 0.660417 0.096875 0.170833
4 0.209375 0.688889 0.080208 0.113889
1 0.325000 0.661806 0.089583 0.168056
1 0.446875 0.664583 0.089583 0.162500
1 0.553125 0.659722 0.094792 0.169444
1 0.673958 0.665972 0.089583 0.162500
0 0.782292 0.675000 0.065625 0.147222
1 0.900000 0.661806 0.093750 0.168056
1 0.101042 0.883333 0.093750 0.166667
1 0.215625 0.890278 0.092708 0.161111
1 0.328125 0.884722 0.093750 0.166667
1 0.438542 0.883333 0.092708 0.166667
1 0.559375 0.884028 0.095833 0.168056
1 0.673958 0.887500 0.097917 0.163889
1 0.791667 0.885417 0.096875 0.165278
