5 0.096875 0.213194 0.069792 0.059722
5 0.207292 0.220833 0.072917 0.052778
5 0.329167 0.220139 0.070833 0.054167
5 0.444792 0.222222 0.071875 0.050000
0 0.783333 0.168056 0.060417 0.155556
1 0.896875 0.163889 0.095833 0.163889
2 0.096875 0.445833 0.108333 0.097222
2 0.218750 0.447222 0.104167 0.091667
2 0.438542 0.447222 0.101042 0.102778
2 0.563542 0.447222 0.106250 0.100000
1 0.675000 0.418056 0.093750 0.161111
2 0.903125 0.444444 0.108333 0.097222
3 0.096875 0.652778 0.069792 0.186111
3 0.210417 0.657639 0.075000 0.181944
3 0.326042 0.652778 0.075000 0.186111
3 0.444792 0.658333 0.073958 0.177778
3 0.551042 0.653472 0.076042 0.181944
3 0.672917 0.655556 0.070833 0.177778
3 0.790625 0.652083 0.073958 0.181944
3 0.907292 0.656944 0.073958 0.180556
1 0.095833 0.884722 0.096875 0.172222
1 0.213542 0.888889 0.097917 0.161111
1 0.325000 0.884028 0.089583 0.170833
1 0.442708 0.882639 0.089583 0.165278
1 0.560417 0.886806 0.091667 0.162500
1 0.673958 0.884722 0.097917 0.166667
1 0.791667 0.885417 0.092708 0.168056
1 0.895833 0.888194 0.094792 0.162500
