0 0.210417 0.166667 0.063542 0.158333
2 0.332292 0.202778 0.102083 0.091667
0 0.440625 0.171528 0.064583 0.154167
0 0.555208 0.165972 0.058333 0.154167
0 0.665625 0.168750 0.065625 0.156944
0 0.907292 0.170139 0.059375 0.151389
2 0.105208 0.446528 0.106250 0.098611
2 0.209375 0.450000 0.106250 0.094444
2 0.328125 0.447222 0.104167 0.091667
1 0.437500 0.410417 0.092708 0.168056
2 0.556250 0.450694 0.106250 0.093056
2 0.668750 0.449306 0.106250 0.095833
2 0.791667 0.450694 0.101042 0.095833
2 0.905208 0.446528 0.108333 0.093056
3 0.095833 0.653472 0.070833 0.179167
3 0.217708 0.659722 0.076042 0.175000
3 0.325000 0.659028 0.075000 0.179167
3 0.447917 0.654167 0.070833 0.177778
3 0.561458 0.654167 0.077083 0.180556
3 0.671875 0.657639 0.077083 0.176389
2 0.789583 0.699306 0.102083 0.098611
3 0.902083 0.654861 0.072917 0.176389
5 0.095833 0.940278 0.076042 0.055556
5 0.212500 0.938889 0.076042 0.052778
5 0.328125 0.943750 0.069792 0.054167
5 0.559375 0.938889 0.076042 0.058333
5 0.782292 0.936111 0.068750 0.058333
5 0.901042 0.938889 0.076042 0.058333
