1 0.092708 0.165278 0.092708 0.161111
1 0.216667 0.166667 0.094792 0.161111
1 0.322917 0.164583 0.092708 0.162500
1 0.440625 0.159722 0.093750 0.166667
1 0.558333 0.167361 0.091667 0.162500
1 0.678125 0.163889 0.089583 0.161111
1 0.785417 0.166667 0.093750 0.163889
1 0.895833 0.163194 0.097917 0.162500
0 0.103125 0.419444 0.060417 0.152778
4 0.445833 0.438889 0.081250 0.108333
4 0.555208 0.436806 0.084375 0.112500
4 0.675000 0.436111 0.087500 0.113889
4 0.792708 0.440972 0.085417 0.112500
4 0.903125 0.442361 0.079167 0.109722
2 0.094792 0.693056 0.102083 0.102778
2 0.211458 0.697917 0.107292 0.093056
3 0.326042 0.652083 0.071875 0.181944
3 0.438542 0.660417 0.069792 0.176389
3 0.553125 0.652778 0.069792 0.183333
3 0.672917 0.652083 0.071875 0.184722
3 0.784375 0.655556 0.068750 0.186111
3 0.897917 0.652778 0.075000 0.180556
3 0.093750 0.873611 0.075000 0.186111
5 0.217708 0.940972 0.068750 0.051389
5 0.323958 0.941667 0.068750 0.058333
1 0.562500 0.883333 0.089583 0.169444
5 0.676042 0.940972 0.071875 0.054167
3 0.789583 0.877778 0.068750 0.180556
