5 0.215625 0.219444 0.070833 0.055556
5 0.327083 0.222222 0.077083 0.052778
5 0.559375 0.216667 0.068750 0.058333
5 0.675000 0.222917 0.076042 0.051389
5 0.786458 0.218750 0.069792 0.051389
5 0.895833 0.220833 0.075000 0.055556
0 0.096875 0.425000 0.065625 0.147222
0 0.332292 0.420139 0.064583 0.148611
0 0.443750 0.416667 0.063542 0.152778
0 0.558333 0.418056 0.062500 0.152778
0 0.673958 0.423611 0.060417 0.147222
0 0.783333 0.416667 0.059375 0.152778
0 0.895833 0.419444 0.062500 0.152778
0 0.095833 0.673611 0.062500 0.147222
0 0.207292 0.670139 0.060417 0.156944
0 0.438542 0.673611 0.062500 0.147222
0 0.553125 0.671528 0.063542 0.154167
0 0.675000 0.669444 0.059375 0.155556
0 0.788542 0.665972 0.066667 0.156944
0 0.902083 0.668750 0.058333 0.148611
2 0.207292 0.919444 0.101042 0.100000
2 0.325000 0.918056 0.104167 0.097222
2 0.448958 0.919444 0.108333 0.102778
2 0.551042 0.918750 0.104167 0.101389
2 0.675000 0.918056 0.107292 0.102778
2 0.786458 0.923611 0.105208 0.091667
1 0.897917 0.884722 0.094792 0.163889
