4 0.103125 0.188194 0.079167 0.112500
0 0.214583 0.165972 0.065625 0.156944
4 0.331250 0.190278 0.079167 0.108333
4 0.438542 0.192361 0.079167 0.112500
4 0.560417 0.185417 0.081250 0.115278
4 0.678125 0.190278 0.084375 0.116667
1 0.782292 0.161111 0.096875 0.166667
2 0.092708 0.445139 0.108333 0.098611
2 0.321875 0.450694 0.108333 0.093056
2 0.436458 0.450694 0.107292 0.095833
2 0.554167 0.446528 0.100000 0.101389
2 0.784375 0.450000 0.104167 0.091667
4 0.095833 0.691667 0.082292 0.111111
1 0.210417 0.659722 0.089583 0.166667
4 0.327083 0.689583 0.086458 0.115278
4 0.448958 0.689583 0.082292 0.109722
4 0.552083 0.693750 0.084375 0.109722
4 0.671875 0.687500 0.080208 0.111111
4 0.789583 0.689583 0.086458 0.109722
4 0.898958 0.687500 0.083333 0.113889
4 0.102083 0.914583 0.083333 0.109722
4 0.209375 0.911806 0.086458 0.109722
4 0.332292 0.911111 0.081250 0.108333
3 0.442708 0.877778 0.069792 0.186111
4 0.555208 0.910417 0.081250 0.115278
4 0.666667 0.912500 0.081250 0.113889
4 0.782292 0.914583 0.087500 0.106944
4 0.898958 0.911806 0.080208 0.115278
