5 0.098958 0.222917 0.076042 0.051389
5 0.207292 0.218056 0.073958 0.050000
5 0.447917 0.218750 0.069792 0.051389
5 0.563542 0.223611 0.073958 0.050000
5 0.678125 0.218056 0.077083 0.055556
5 0.784375 0.217361 0.077083 0.059722
5 0.900000 0.222222 0.077083 0.050000
0 0.095833 0.420833 0.058333 0.152778
3 0.213542 0.408333 0.077083 0.177778
3 0.327083 0.406250 0.077083 0.179167
3 0.444792 0.405556 0.075000 0.175000
3 0.560417 0.403472 0.077083 0.184722
3 0.903125 0.402778 0.075000 0.180556
2 0.100000 0.695833 0.102083 0.102778
2 0.213542 0.699306 0.108333 0.093056
2 0.445833 0.694444 0.102083 0.102778
2 0.677083 0.699306 0.102083 0.098611
2 0.780208 0.696528 0.101042 0.101389
2 0.896875 0.701389 0.104167 0.091667
4 0.100000 0.915972 0.079167 0.106944
4 0.207292 0.908333 0.087500 0.116667
4 0.327083 0.911111 0.081250 0.111111
2 0.554167 0.918750 0.103125 0.095833
4 0.677083 0.909722 0.080208 0.113889
4 0.894792 0.912500 0.080208 0.116667
