2 0.095833 0.200000 0.106250 0.097222
2 0.211458 0.200000 0.102083 0.094444
2 0.325000 0.195833 0.102083 0.094444
5 0.438542 0.222917 0.073958 0.051389
2 0.560417 0.197222 0.100000 0.097222
2 0.790625 0.196528 0.100000 0.095833
2 0.901042 0.196528 0.101042 0.095833
4 0.096875 0.444444 0.083333 0.108333
4 0.327083 0.439583 0.080208 0.109722
4 0.444792 0.443056 0.080208 0.105556
4 0.557292 0.438194 0.080208 0.115278
4 0.792708 0.439583 0.086458 0.106944
4 0.896875 0.440278 0.087500 0.108333
2 0.100000 0.698611 0.108333 0.097222
2 0.211458 0.698611 0.103125 0.097222
2 0.328125 0.696528 0.100000 0.101389
2 0.559375 0.700000 0.102083 0.091667
2 0.790625 0.696528 0.108333 0.101389
2 0.898958 0.695833 0.101042 0.102778
1 0.104167 0.884722 0.091667 0.166667
1 0.211458 0.882639 0.094792 0.165278
1 0.328125 0.888194 0.092708 0.162500
1 0.439583 0.881944 0.093750 0.166667
1 0.666667 0.890278 0.097917 0.161111
1 0.790625 0.882639 0.094792 0.165278
1 0.903125 0.881944 0.090625 0.166667
