1 0.092708 0.163194 0.095833 0.162500
1 0.207292 0.162500 0.090625 0.166667
1 0.559375 0.165278 0.089583 0.166667
1 0.666667 0.163194 0.095833 0.170833
1 0.786458 0.162500 0.092708 0.172222
1 0.894792 0.161111 0.093750 0.163889
5 0.096875 0.462500 0.071875 0.061111
5 0.442708 0.466667 0.077083 0.055556
5 0.554167 0.468056 0.076042 0.055556
5 0.675000 0.472222 0.070833 0.050000
5 0.788542 0.463889 0.076042 0.058333
5 0.900000 0.471528 0.076042 0.051389
5 0.100000 0.715972 0.073958 0.054167
5 0.216667 0.720139 0.071875 0.051389
3 0.325000 0.659722 0.071875 0.175000
5 0.437500 0.722222 0.071875 0.052778
5 0.562500 0.715278 0.071875 0.061111
5 0.671875 0.718056 0.076042 0.050000
5 0.785417 0.718750 0.076042 0.059722
5 0.894792 0.718750 0.076042 0.056944
4 0.093750 0.909722 0.082292 0.113889
4 0.214583 0.916667 0.080208 0.105556
4 0.327083 0.918056 0.084375 0.105556
4 0.436458 0.911806 0.080208 0.106944
3 0.560417 0.879167 0.068750 0.180556
4 0.666667 0.913889 0.085417 0.113889
4 0.785417 0.911806 0.085417 0.106944
4 0.904167 0.913194 0.079167 0.106944
