3 0.214583 0.156250 0.072917 0.181944
3 0.334375 0.156944 0.077083 0.180556
3 0.556250 0.156944 0.073958 0.175000
3 0.669792 0.150694 0.069792 0.184722
0 0.784375 0.164583 0.058333 0.156944
3 0.907292 0.154861 0.073958 0.176389
0 0.103125 0.416667 0.061458 0.158333
0 0.218750 0.419444 0.064583 0.155556
0 0.329167 0.420833 0.066667 0.147222
0 0.440625 0.418750 0.063542 0.148611
0 0.561458 0.414583 0.058333 0.156944
0 0.676042 0.417361 0.058333 0.156944
0 0.791667 0.420139 0.065625 0.156944
0 0.900000 0.419444 0.066667 0.158333
0 0.102083 0.668750 0.059375 0.151389
0 0.331250 0.669444 0.064583 0.155556
0 0.445833 0.665278 0.061458 0.158333
0 0.677083 0.668750 0.060417 0.154167
0 0.782292 0.666667 0.058333 0.152778
0 0.895833 0.671528 0.064583 0.154167
3 0.094792 0.883333 0.072917 0.175000
3 0.210417 0.877083 0.077083 0.179167
3 0.445833 0.875000 0.073958 0.186111
3 0.675000 0.882639 0.070833 0.176389
3 0.792708 0.881250 0.077083 0.176389
3 0.898958 0.877778 0.069792 0.177778
