0 0.098958 0.165278 0.066667 0.158333
5 0.214583 0.222222 0.068750 0.052778
5 0.334375 0.215278 0.072917 0.061111
5 0.441667 0.220139 0.070833 0.051389
5 0.553125 0.220139 0.068750 0.051389
5 0.895833 0.219444 0.071875 0.058333
1 0.218750 0.409028 0.092708 0.170833
1 0.323958 0.410417 0.090625 0.165278
1 0.441667 0.412500 0.093750 0.172222
1 0.553125 0.411111 0.095833 0.166667
1 0.677083 0.413889 0.090625 0.166667
0 0.787500 0.417361 0.060417 0.154167
2 0.101042 0.695139 0.103125 0.095833
2 0.325000 0.696528 0.105208 0.098611
2 0.443750 0.693056 0.102083 0.100000
2 0.555208 0.700000 0.104167 0.091667
2 0.902083 0.697222 0.100000 0.102778
0 0.100000 0.888889 0.063542 0.155556
0 0.207292 0.886111 0.066667 0.158333
0 0.325000 0.889583 0.058333 0.154167
0 0.447917 0.893056 0.062500 0.147222
0 0.560417 0.891667 0.059375 0.152778
0 0.668750 0.889583 0.059375 0.154167
0 0.896875 0.894444 0.066667 0.150000
