3 0.100000 0.154861 0.076042 0.184722
1 0.207292 0.163194 0.097917 0.168056
1 0.328125 0.161111 0.089583 0.166667
2 0.437500 0.194444 0.104167 0.100000
1 0.561458 0.162500 0.097917 0.169444
1 0.676042 0.165278 0.093750 0.163889
1 0.782292 0.162500 0.097917 0.161111
1 0.905208 0.167361 0.091667 0.162500
0 0.093750 0.425000 0.060417 0.147222
0 0.219792 0.425000 0.061458 0.147222
0 0.321875 0.413889 0.061458 0.158333
0 0.446875 0.420833 0.061458 0.150000
0 0.556250 0.419444 0.058333 0.155556
4 0.676042 0.438194 0.087500 0.112500
0 0.782292 0.423611 0.064583 0.150000
0 0.898958 0.416667 0.059375 0.158333
3 0.214583 0.654167 0.075000 0.183333
1 0.334375 0.661806 0.093750 0.170833
1 0.438542 0.664583 0.096875 0.162500
1 0.563542 0.665278 0.091667 0.161111
1 0.665625 0.658333 0.090625 0.172222
1 0.781250 0.657639 0.092708 0.170833
3 0.906250 0.659722 0.068750 0.175000
5 0.093750 0.943056 0.070833 0.052778
5 0.208333 0.940278 0.072917 0.061111
5 0.326042 0.936111 0.075000 0.061111
5 0.441667 0.940972 0.069792 0.054167
5 0.552083 0.940278 0.076042 0.061111
5 0.665625 0.936111 0.071875 0.061111
5 0.788542 0.943750 0.075000 0.051389
5 0.903125 0.939583 0.072917 0.051389
