4 0.105208 0.188889 0.085417 0.113889
4 0.209375 0.194444 0.084375 0.105556
4 0.326042 0.190278 0.080208 0.116667
4 0.440625 0.190278 0.084375 0.116667
4 0.555208 0.186806 0.083333 0.115278
0 0.672917 0.169444 0.065625 0.147222
4 0.789583 0.188889 0.082292 0.111111
1 0.094792 0.413889 0.097917 0.169444
1 0.215625 0.413889 0.092708 0.163889
1 0.332292 0.413194 0.092708 0.162500
1 0.446875 0.413889 0.089583 0.161111
1 0.554167 0.411806 0.093750 0.168056
1 0.675000 0.417361 0.090625 0.162500
1 0.791667 0.415278 0.092708 0.161111
1 0.905208 0.409722 0.090625 0.172222
2 0.104167 0.694444 0.105208 0.097222
1 0.209375 0.663194 0.093750 0.168056
1 0.440625 0.660417 0.090625 0.165278
1 0.554167 0.659722 0.093750 0.172222
1 0.673958 0.662500 0.097917 0.161111
1 0.895833 0.663889 0.091667 0.169444
1 0.210417 0.885417 0.093750 0.170833
1 0.440625 0.882639 0.090625 0.170833
1 0.678125 0.884722 0.089583 0.172222
1 0.788542 0.885417 0.090625 0.170833
1 0.902083 0.888194 0.093750 0.162500
