5 0.105208 0.212500 0.070833 0.061111
5 0.218750 0.222222 0.069792 0.052778
5 0.331250 0.216667 0.070833 0.058333
4 0.441667 0.190278 0.085417 0.113889
5 0.563542 0.218056 0.069792 0.052778
5 0.668750 0.218056 0.069792 0.055556
5 0.784375 0.212500 0.072917 0.061111
5 0.904167 0.218056 0.077083 0.058333
0 0.093750 0.417361 0.066667 0.151389
0 0.440625 0.424306 0.062500 0.148611
0 0.560417 0.421528 0.066667 0.151389
0 0.665625 0.420833 0.062500 0.152778
3 0.792708 0.405556 0.070833 0.183333
0 0.092708 0.666667 0.065625 0.155556
0 0.325000 0.670139 0.062500 0.148611
0 0.670833 0.671528 0.060417 0.151389
0 0.790625 0.668056 0.061458 0.150000
0 0.903125 0.670139 0.064583 0.151389
4 0.095833 0.914583 0.080208 0.109722
4 0.207292 0.910417 0.081250 0.112500
4 0.439583 0.916667 0.083333 0.105556
4 0.562500 0.911806 0.081250 0.115278
4 0.782292 0.906944 0.086458 0.116667
4 0.906250 0.913194 0.087500 0.112500
