3 0.103125 0.151389 0.071875 0.186111
3 0.211458 0.157639 0.068750 0.176389
3 0.443750 0.151389 0.073958 0.186111
3 0.559375 0.159028 0.072917 0.179167
3 0.677083 0.156250 0.069792 0.184722
3 0.790625 0.154167 0.075000 0.183333
3 0.901042 0.157639 0.068750 0.176389
2 0.207292 0.447917 0.101042 0.101389
2 0.436458 0.447222 0.108333 0.102778
2 0.553125 0.444444 0.106250 0.102778
0 0.673958 0.423611 0.065625 0.150000
2 0.781250 0.450694 0.104167 0.093056
2 0.896875 0.450694 0.106250 0.093056
0 0.102083 0.667361 0.058333 0.151389
0 0.211458 0.668056 0.062500 0.152778
0 0.321875 0.664583 0.066667 0.156944
0 0.438542 0.669444 0.060417 0.152778
0 0.558333 0.670139 0.060417 0.151389
0 0.677083 0.665278 0.065625 0.155556
0 0.896875 0.668750 0.064583 0.154167
1 0.104167 0.889583 0.097917 0.162500
1 0.215625 0.887500 0.095833 0.166667
1 0.330208 0.885417 0.096875 0.165278
1 0.442708 0.882639 0.091667 0.165278
1 0.555208 0.886111 0.097917 0.169444
1 0.667708 0.883333 0.096875 0.163889
1 0.780208 0.887500 0.095833 0.163889
1 0.897917 0.886111 0.095833 0.163889
