4 0.097917 0.187500 0.085417 0.116667
4 0.212500 0.185417 0.083333 0.115278
1 0.323958 0.162500 0.097917 0.166667
4 0.445833 0.193056 0.087500 0.111111
4 0.552083 0.187500 0.081250 0.111111
4 0.676042 0.190972 0.084375 0.109722
4 0.784375 0.186111 0.080208 0.113889
4 0.906250 0.188889 0.086458 0.116667
0 0.092708 0.416667 0.060417 0.158333
0 0.325000 0.417361 0.058333 0.154167
0 0.438542 0.418750 0.060417 0.151389
0 0.555208 0.418750 0.064583 0.151389
0 0.669792 0.417361 0.065625 0.154167
0 0.785417 0.422222 0.059375 0.152778
0 0.904167 0.420833 0.062500 0.150000
2 0.098958 0.702083 0.108333 0.093056
4 0.213542 0.686806 0.082292 0.112500
2 0.327083 0.697222 0.104167 0.100000
2 0.445833 0.701389 0.106250 0.094444
2 0.563542 0.698611 0.103125 0.100000
2 0.676042 0.695833 0.107292 0.094444
2 0.907292 0.696528 0.104167 0.095833
1 0.098958 0.885417 0.090625 0.170833
1 0.219792 0.888194 0.089583 0.162500
1 0.323958 0.884028 0.090625 0.170833
1 0.444792 0.884722 0.097917 0.169444
1 0.558333 0.880556 0.093750 0.172222
1 0.673958 0.881250 0.094792 0.168056
1 0.786458 0.888194 0.092708 0.162500
1 0.907292 0.886111 0.095833 0.169444
