5 0.105208 0.213889 0.075000 0.061111
5 0.217708 0.216667 0.073958 0.055556
5 0.330208 0.220139 0.073958 0.051389
5 0.439583 0.215972 0.068750 0.059722
5 0.562500 0.220139 0.069792 0.056944
5 0.677083 0.220833 0.076042 0.055556
5 0.781250 0.222222 0.070833 0.052778
5 0.897917 0.220139 0.072917 0.051389
5 0.095833 0.466667 0.072917 0.061111
5 0.213542 0.465278 0.070833 0.061111
5 0.331250 0.473611 0.073958 0.050000
5 0.443750 0.463194 0.075000 0.059722
1 0.554167 0.411111 0.094792 0.169444
5 0.669792 0.471528 0.070833 0.054167
5 0.788542 0.465278 0.076042 0.058333
3 0.900000 0.406250 0.076042 0.176389
1 0.105208 0.663194 0.092708 0.165278
0 0.209375 0.670833 0.064583 0.152778
0 0.325000 0.665278 0.060417 0.155556
0 0.446875 0.669444 0.063542 0.150000
0 0.560417 0.666667 0.059375 0.152778
0 0.666667 0.667361 0.063542 0.154167
0 0.788542 0.673611 0.060417 0.150000
0 0.898958 0.671528 0.061458 0.148611
2 0.097917 0.918056 0.103125 0.094444
2 0.208333 0.918750 0.105208 0.095833
2 0.332292 0.918750 0.107292 0.101389
2 0.436458 0.913889 0.105208 0.102778
1 0.552083 0.881250 0.090625 0.168056
2 0.672917 0.925000 0.101042 0.091667
2 0.901042 0.918750 0.108333 0.098611
