4 0.104167 0.195139 0.082292 0.106944
4 0.212500 0.191667 0.080208 0.105556
4 0.330208 0.191667 0.079167 0.105556
4 0.443750 0.188889 0.083333 0.108333
4 0.563542 0.186806 0.087500 0.115278
4 0.666667 0.191667 0.087500 0.105556
4 0.903125 0.192361 0.085417 0.112500
3 0.103125 0.409722 0.075000 0.175000
3 0.212500 0.408333 0.073958 0.177778
3 0.330208 0.402778 0.076042 0.186111
3 0.441667 0.405556 0.072917 0.183333
4 0.560417 0.438889 0.087500 0.116667
3 0.678125 0.401389 0.070833 0.186111
3 0.783333 0.406250 0.068750 0.181944
3 0.105208 0.656944 0.077083 0.175000
3 0.209375 0.659028 0.073958 0.176389
3 0.330208 0.656944 0.072917 0.177778
4 0.561458 0.687500 0.080208 0.116667
3 0.665625 0.656250 0.069792 0.184722
3 0.787500 0.658333 0.069792 0.175000
3 0.904167 0.654861 0.073958 0.184722
4 0.332292 0.916667 0.079167 0.105556
3 0.441667 0.877778 0.070833 0.175000
3 0.551042 0.876389 0.071875 0.177778
3 0.676042 0.879167 0.076042 0.180556
3 0.784375 0.876389 0.076042 0.180556
3 0.894792 0.879167 0.072917 0.177778
