0 0.098958 0.167361 0.059375 0.154167
0 0.440625 0.169444 0.060417 0.155556
0 0.563542 0.174306 0.058333 0.148611
0 0.676042 0.171528 0.063542 0.154167
0 0.787500 0.168750 0.064583 0.148611
3 0.096875 0.400694 0.070833 0.184722
3 0.218750 0.406944 0.071875 0.180556
3 0.323958 0.403472 0.068750 0.184722
3 0.561458 0.409028 0.071875 0.179167
3 0.213542 0.659028 0.068750 0.179167
3 0.332292 0.656250 0.070833 0.181944
3 0.672917 0.655556 0.072917 0.177778
3 0.902083 0.650694 0.072917 0.184722
2 0.104167 0.922222 0.106250 0.097222
2 0.322917 0.918056 0.107292 0.102778
2 0.443750 0.918750 0.102083 0.095833
2 0.678125 0.918750 0.103125 0.098611
2 0.782292 0.922917 0.106250 0.095833
2 0.903125 0.915278 0.106250 0.102778
