0 0.092708 0.166667 0.061458 0.155556
0 0.213542 0.168056 0.065625 0.150000
0 0.331250 0.168056 0.063542 0.158333
0 0.444792 0.168750 0.062500 0.151389
0 0.559375 0.169444 0.060417 0.150000
0 0.677083 0.169444 0.063542 0.150000
0 0.780208 0.166667 0.058333 0.152778
0 0.904167 0.169444 0.060417 0.150000
3 0.104167 0.406250 0.071875 0.179167
3 0.217708 0.407639 0.071875 0.179167
3 0.325000 0.409028 0.077083 0.179167
4 0.439583 0.436806 0.079167 0.112500
3 0.562500 0.401389 0.068750 0.186111
3 0.665625 0.409722 0.071875 0.175000
3 0.784375 0.404167 0.072917 0.186111
3 0.898958 0.410417 0.070833 0.176389
2 0.214583 0.695833 0.102083 0.094444
2 0.334375 0.696528 0.104167 0.093056
2 0.438542 0.700694 0.104167 0.093056
2 0.562500 0.700000 0.104167 0.091667
2 0.667708 0.697222 0.106250 0.097222
2 0.901042 0.695833 0.103125 0.094444
0 0.093750 0.889583 0.061458 0.156944
0 0.215625 0.888889 0.063542 0.155556
0 0.327083 0.891667 0.060417 0.150000
0 0.443750 0.891667 0.058333 0.155556
0 0.558333 0.891667 0.061458 0.147222
0 0.667708 0.893750 0.058333 0.148611
0 0.781250 0.890278 0.062500 0.150000
0 0.898958 0.894444 0.058333 0.152778
