1 0.100000 0.164583 0.091667 0.165278
1 0.216667 0.168056 0.092708 0.161111
1 0.334375 0.156944 0.096875 0.172222
1 0.443750 0.159722 0.091667 0.172222
1 0.557292 0.163889 0.097917 0.169444
1 0.903125 0.160417 0.094792 0.165278
0 0.103125 0.422917 0.062500 0.151389
0 0.331250 0.416667 0.065625 0.152778
0 0.440625 0.420833 0.059375 0.152778
0 0.557292 0.422222 0.058333 0.147222
0 0.678125 0.419444 0.063542 0.152778
0 0.786458 0.418056 0.065625 0.155556
0 0.907292 0.422917 0.060417 0.151389
1 0.102083 0.659722 0.097917 0.166667
1 0.210417 0.661111 0.097917 0.172222
1 0.322917 0.663194 0.092708 0.165278
1 0.437500 0.665972 0.095833 0.162500
1 0.558333 0.665278 0.093750 0.166667
1 0.678125 0.661806 0.090625 0.170833
1 0.785417 0.662500 0.097917 0.172222
1 0.898958 0.657639 0.094792 0.170833
3 0.094792 0.878472 0.071875 0.184722
3 0.213542 0.877778 0.076042 0.175000
3 0.321875 0.877778 0.069792 0.186111
3 0.437500 0.877778 0.070833 0.180556
3 0.557292 0.877083 0.068750 0.176389
3 0.670833 0.876389 0.072917 0.180556
2 0.784375 0.922917 0.106250 0.093056
3 0.897917 0.879861 0.076042 0.179167
