4 0.093750 0.189583 0.080208 0.106944
4 0.207292 0.194444 0.081250 0.105556
4 0.321875 0.190972 0.084375 0.106944
4 0.563542 0.189583 0.079167 0.109722
4 0.675000 0.192361 0.087500 0.106944
4 0.787500 0.195139 0.087500 0.106944
4 0.907292 0.189583 0.081250 0.115278
2 0.105208 0.447917 0.106250 0.095833
2 0.207292 0.452083 0.100000 0.093056
2 0.334375 0.447222 0.101042 0.097222
2 0.447917 0.445833 0.108333 0.097222
2 0.551042 0.450000 0.101042 0.091667
2 0.667708 0.445139 0.105208 0.101389
2 0.786458 0.444444 0.102083 0.097222
1 0.104167 0.661806 0.093750 0.165278
1 0.207292 0.659028 0.094792 0.168056
1 0.330208 0.663889 0.097917 0.166667
1 0.447917 0.663194 0.089583 0.170833
1 0.551042 0.663194 0.093750 0.168056
1 0.675000 0.660417 0.092708 0.168056
1 0.786458 0.662500 0.092708 0.166667
0 0.101042 0.894444 0.059375 0.152778
3 0.214583 0.883333 0.072917 0.175000
3 0.330208 0.876389 0.071875 0.183333
3 0.551042 0.872917 0.071875 0.184722
3 0.671875 0.877778 0.075000 0.177778
3 0.790625 0.872222 0.077083 0.186111
1 0.896875 0.881944 0.090625 0.166667
