1 0.093750 0.164583 0.094792 0.162500
1 0.330208 0.161806 0.091667 0.168056
1 0.442708 0.165278 0.091667 0.163889
1 0.552083 0.159722 0.092708 0.172222
1 0.675000 0.157639 0.094792 0.170833
1 0.790625 0.159028 0.097917 0.168056
1 0.905208 0.163194 0.092708 0.168056
0 0.093750 0.416667 0.059375 0.152778
0 0.208333 0.417361 0.063542 0.156944
0 0.325000 0.415278 0.066667 0.155556
0 0.446875 0.415972 0.064583 0.156944
0 0.561458 0.418750 0.061458 0.156944
0 0.780208 0.420139 0.066667 0.154167
0 0.906250 0.415972 0.065625 0.154167
1 0.105208 0.659722 0.097917 0.172222
1 0.329167 0.668056 0.090625 0.161111
1 0.447917 0.661111 0.090625 0.163889
1 0.555208 0.661806 0.091667 0.162500
1 0.666667 0.666667 0.096875 0.161111
1 0.783333 0.663889 0.091667 0.163889
1 0.896875 0.663194 0.089583 0.170833
2 0.096875 0.922917 0.108333 0.093056
2 0.213542 0.918056 0.102083 0.094444
2 0.322917 0.922222 0.104167 0.091667
2 0.441667 0.920833 0.103125 0.091667
2 0.668750 0.921528 0.103125 0.098611
2 0.790625 0.920833 0.105208 0.097222
2 0.905208 0.913889 0.105208 0.102778
