0 0.102083 0.174306 0.059375 0.148611
0 0.217708 0.168750 0.066667 0.154167
0 0.328125 0.170833 0.061458 0.147222
0 0.441667 0.168750 0.065625 0.156944
2 0.554167 0.198611 0.100000 0.091667
0 0.677083 0.172222 0.066667 0.150000
0 0.786458 0.165972 0.061458 0.154167
0 0.894792 0.168056 0.061458 0.158333
1 0.104167 0.411806 0.092708 0.162500
1 0.217708 0.414583 0.089583 0.165278
1 0.323958 0.413194 0.093750 0.170833
1 0.441667 0.409722 0.097917 0.166667
1 0.554167 0.416667 0.093750 0.161111
1 0.667708 0.413194 0.090625 0.165278
1 0.789583 0.414583 0.096875 0.162500
1 0.902083 0.412500 0.097917 0.161111
1 0.102083 0.656944 0.093750 0.172222
1 0.215625 0.665972 0.097917 0.165278
1 0.329167 0.661806 0.096875 0.170833
1 0.443750 0.663194 0.095833 0.168056
1 0.552083 0.663889 0.091667 0.169444
1 0.669792 0.662500 0.093750 0.172222
1 0.786458 0.658333 0.096875 0.169444
1 0.907292 0.662500 0.094792 0.161111
5 0.095833 0.944444 0.071875 0.052778
5 0.209375 0.943750 0.072917 0.051389
5 0.447917 0.945833 0.075000 0.050000
5 0.551042 0.940278 0.068750 0.052778
