2 0.097917 0.192361 0.107292 0.101389
2 0.211458 0.197917 0.106250 0.101389
2 0.321875 0.198611 0.106250 0.100000
2 0.443750 0.191667 0.104167 0.102778
2 0.558333 0.196528 0.105208 0.101389
2 0.671875 0.193056 0.103125 0.102778
2 0.783333 0.195139 0.105208 0.098611
2 0.894792 0.199306 0.106250 0.095833
4 0.219792 0.441667 0.084375 0.111111
4 0.333333 0.442361 0.079167 0.109722
4 0.445833 0.444444 0.083333 0.108333
4 0.556250 0.435417 0.079167 0.115278
4 0.792708 0.436806 0.084375 0.112500
4 0.903125 0.438889 0.080208 0.116667
2 0.093750 0.697917 0.101042 0.101389
2 0.215625 0.694444 0.102083 0.100000
2 0.328125 0.697222 0.102083 0.091667
2 0.445833 0.693056 0.107292 0.100000
2 0.563542 0.693056 0.106250 0.102778
2 0.787500 0.695833 0.103125 0.094444
3 0.095833 0.876389 0.069792 0.177778
3 0.213542 0.877083 0.068750 0.181944
3 0.439583 0.873611 0.072917 0.183333
3 0.560417 0.882639 0.068750 0.176389
3 0.670833 0.880556 0.072917 0.180556
3 0.894792 0.878472 0.072917 0.184722
