2 0.092708 0.195139 0.100000 0.101389
2 0.209375 0.196528 0.101042 0.101389
2 0.332292 0.195139 0.106250 0.095833
2 0.562500 0.197222 0.108333 0.102778
2 0.673958 0.197917 0.107292 0.101389
3 0.781250 0.160417 0.073958 0.176389
2 0.907292 0.196528 0.107292 0.095833
4 0.100000 0.441667 0.086458 0.111111
4 0.215625 0.442361 0.084375 0.112500
4 0.323958 0.442361 0.083333 0.109722
2 0.438542 0.447917 0.106250 0.098611
4 0.557292 0.443056 0.085417 0.108333
4 0.678125 0.440972 0.081250 0.115278
4 0.786458 0.442361 0.082292 0.106944
4 0.896875 0.439583 0.083333 0.109722
5 0.104167 0.717361 0.077083 0.054167
5 0.215625 0.718056 0.073958 0.055556
5 0.334375 0.722222 0.070833 0.050000
5 0.436458 0.722917 0.076042 0.051389
5 0.551042 0.719444 0.068750 0.050000
4 0.677083 0.690278 0.079167 0.116667
5 0.782292 0.718056 0.069792 0.058333
5 0.092708 0.936806 0.070833 0.056944
5 0.331250 0.938194 0.076042 0.056944
5 0.438542 0.938889 0.069792 0.058333
5 0.561458 0.935417 0.068750 0.059722
5 0.665625 0.941667 0.072917 0.058333
5 0.791667 0.938194 0.069792 0.059722
5 0.897917 0.940278 0.069792 0.052778
