2 0.105208 0.197917 0.107292 0.095833
2 0.213542 0.199306 0.105208 0.098611
4 0.325000 0.195833 0.083333 0.105556
2 0.438542 0.194444 0.106250 0.100000
2 0.563542 0.200694 0.105208 0.095833
2 0.669792 0.192361 0.105208 0.101389
2 0.788542 0.201389 0.100000 0.094444
2 0.894792 0.198611 0.108333 0.091667
2 0.326042 0.447222 0.104167 0.102778
2 0.562500 0.451389 0.107292 0.094444
2 0.792708 0.447917 0.106250 0.101389
2 0.904167 0.446528 0.102083 0.095833
1 0.103125 0.661111 0.093750 0.166667
1 0.211458 0.667361 0.091667 0.162500
1 0.326042 0.661111 0.096875 0.169444
1 0.441667 0.658333 0.094792 0.172222
1 0.558333 0.656944 0.091667 0.172222
1 0.672917 0.662500 0.093750 0.172222
1 0.792708 0.663194 0.090625 0.162500
1 0.906250 0.663889 0.092708 0.161111
0 0.092708 0.895833 0.065625 0.150000
2 0.217708 0.917361 0.107292 0.098611
0 0.321875 0.895139 0.060417 0.148611
0 0.443750 0.895833 0.064583 0.147222
0 0.678125 0.893750 0.060417 0.154167
0 0.786458 0.893750 0.062500 0.148611
0 0.895833 0.897222 0.062500 0.147222
