4 0.100000 0.187500 0.080208 0.116667
4 0.208333 0.187500 0.082292 0.113889
4 0.323958 0.190972 0.080208 0.115278
4 0.442708 0.195833 0.087500 0.105556
4 0.558333 0.189583 0.080208 0.106944
4 0.673958 0.192361 0.086458 0.106944
4 0.783333 0.185417 0.082292 0.115278
4 0.901042 0.187500 0.086458 0.111111
3 0.096875 0.400694 0.076042 0.184722
3 0.333333 0.401389 0.075000 0.183333
3 0.551042 0.400694 0.071875 0.184722
3 0.782292 0.409028 0.070833 0.176389
3 0.895833 0.410417 0.068750 0.176389
1 0.105208 0.666667 0.090625 0.161111
1 0.211458 0.667361 0.089583 0.162500
1 0.323958 0.665972 0.095833 0.165278
1 0.561458 0.661111 0.094792 0.172222
1 0.898958 0.665278 0.094792 0.166667
0 0.101042 0.892361 0.060417 0.148611
0 0.323958 0.894444 0.063542 0.147222
0 0.439583 0.890278 0.063542 0.150000
0 0.553125 0.889583 0.059375 0.151389
0 0.783333 0.891667 0.060417 0.147222
0 0.898958 0.894444 0.065625 0.152778
