0 0.092708 0.170139 0.063542 0.154167
1 0.212500 0.159722 0.090625 0.172222
0 0.333333 0.170833 0.064583 0.152778
0 0.442708 0.170833 0.059375 0.150000
0 0.552083 0.169444 0.059375 0.152778
0 0.678125 0.164583 0.066667 0.156944
0 0.786458 0.175000 0.063542 0.147222
0 0.896875 0.170139 0.066667 0.148611
3 0.095833 0.409722 0.070833 0.175000
3 0.210417 0.404861 0.068750 0.184722
0 0.328125 0.414583 0.064583 0.156944
5 0.441667 0.470833 0.068750 0.050000
5 0.560417 0.470833 0.072917 0.055556
4 0.667708 0.438889 0.086458 0.116667
5 0.789583 0.470139 0.072917 0.051389
5 0.894792 0.465278 0.075000 0.058333
3 0.102083 0.652778 0.069792 0.183333
0 0.215625 0.668056 0.063542 0.150000
0 0.326042 0.669444 0.062500 0.152778
0 0.448958 0.671528 0.064583 0.148611
0 0.557292 0.670139 0.059375 0.154167
0 0.676042 0.670139 0.059375 0.156944
0 0.785417 0.672222 0.059375 0.150000
0 0.898958 0.673611 0.060417 0.150000
3 0.207292 0.874306 0.075000 0.181944
3 0.326042 0.877778 0.076042 0.183333
3 0.437500 0.875000 0.073958 0.183333
3 0.670833 0.876389 0.069792 0.177778
3 0.782292 0.876389 0.069792 0.180556
3 0.895833 0.875694 0.077083 0.181944
