2 0.092708 0.191667 0.105208 0.102778
2 0.208333 0.197917 0.104167 0.093056
2 0.326042 0.191667 0.108333 0.102778
2 0.448958 0.197917 0.103125 0.093056
2 0.667708 0.193750 0.102083 0.098611
2 0.781250 0.199306 0.103125 0.093056
2 0.096875 0.452778 0.107292 0.091667
2 0.207292 0.450000 0.101042 0.094444
2 0.334375 0.446528 0.104167 0.095833
1 0.443750 0.412500 0.092708 0.172222
2 0.673958 0.448611 0.101042 0.097222
0 0.792708 0.419444 0.060417 0.147222
3 0.094792 0.659028 0.077083 0.179167
3 0.334375 0.659028 0.068750 0.176389
3 0.445833 0.659028 0.077083 0.176389
4 0.557292 0.688889 0.079167 0.113889
3 0.665625 0.656944 0.072917 0.175000
3 0.785417 0.652083 0.076042 0.184722
3 0.895833 0.660417 0.075000 0.176389
2 0.097917 0.919444 0.101042 0.102778
2 0.445833 0.920833 0.102083 0.094444
2 0.552083 0.924306 0.106250 0.093056
0 0.678125 0.895833 0.060417 0.147222
2 0.790625 0.920139 0.105208 0.098611
2 0.895833 0.918056 0.103125 0.097222
