5 0.103125 0.220833 0.077083 0.055556
5 0.212500 0.218750 0.073958 0.059722
5 0.327083 0.218056 0.077083 0.050000
5 0.562500 0.216667 0.069792 0.061111
5 0.790625 0.215972 0.071875 0.056944
5 0.896875 0.218750 0.075000 0.054167
5 0.105208 0.463889 0.071875 0.058333
5 0.218750 0.470139 0.073958 0.056944
5 0.333333 0.464583 0.069792 0.059722
5 0.443750 0.463889 0.077083 0.061111
5 0.560417 0.468056 0.068750 0.058333
5 0.672917 0.468056 0.072917 0.061111
5 0.780208 0.470833 0.070833 0.052778
1 0.103125 0.659722 0.094792 0.172222
1 0.218750 0.660417 0.097917 0.170833
2 0.326042 0.695833 0.100000 0.094444
1 0.436458 0.660417 0.093750 0.168056
1 0.670833 0.662500 0.095833 0.163889
1 0.788542 0.667361 0.093750 0.162500
0 0.907292 0.665278 0.061458 0.155556
1 0.104167 0.882639 0.097917 0.170833
1 0.213542 0.879861 0.091667 0.170833
1 0.326042 0.883333 0.095833 0.166667
1 0.447917 0.884722 0.094792 0.163889
1 0.552083 0.889583 0.094792 0.162500
1 0.676042 0.885417 0.090625 0.162500
1 0.786458 0.886111 0.097917 0.166667
1 0.900000 0.879861 0.094792 0.170833
